Iter | Sampling Pol | Evaluation Pol | Best (Sampled) 
   0 195.81 160.25 -100000000.00 41.25 
   1 191.53 166.00 195.81 45.00 
   2 200.23 235.88 195.81 95.00 
   3 180.36 196.75 200.23 62.50 
   4 189.20 191.50 200.23 55.00 
   5 191.43 195.75 200.23 61.25 
   6 238.11 204.62 200.23 67.50 
   7 216.40 192.50 238.11 55.00 
   8 198.21 191.00 238.11 55.00 
   9 197.30 202.25 238.11 65.00 
  10 216.82 200.00 238.11 60.00 
  11 210.73 183.00 238.11 45.00 
  12 194.41 185.25 238.11 46.25 
  13 224.93 187.50 238.11 47.50 
  14 185.95 178.50 238.11 42.50 
  15 213.69 188.00 238.11 50.00 
  16 204.78 182.50 238.11 46.25 
  17 210.19 183.00 238.11 47.50 
  18 214.22 182.00 238.11 45.00 
  19 206.16 181.50 238.11 43.75 
  20 246.32 181.50 238.11 43.75 
  21 234.24 181.50 246.32 43.75 
  22 204.74 193.25 246.32 53.75 
  23 207.32 184.00 246.32 46.25 
  24 214.54 191.25 246.32 56.25 
  25 218.15 191.00 246.32 55.00 
  26 208.82 180.00 246.32 43.75 
  27 220.32 182.00 246.32 45.00 
  28 226.99 183.00 246.32 46.25 
  29 212.69 183.75 246.32 46.25 
  30 226.95 187.50 246.32 50.00 
  31 237.13 183.00 246.32 46.25 
  32 250.38 190.50 246.32 52.50 
  33 251.23 182.25 250.38 43.75 
  34 228.69 184.50 251.23 47.50 
  35 252.74 181.50 251.23 42.50 
  36 232.60 188.00 252.74 50.00 
  37 236.37 193.00 252.74 55.00 
  38 253.38 183.75 252.74 46.25 
  39 262.57 183.25 253.38 46.25 
  40 253.03 201.00 262.57 60.00 
  41 253.01 181.50 262.57 43.75 
  42 255.68 190.75 262.57 53.75 
  43 256.47 187.00 262.57 50.00 
  44 288.17 193.00 262.57 53.75 
  45 286.95 180.50 288.17 42.50 
  46 275.08 187.00 288.17 50.00 
  47 258.66 183.00 288.17 45.00 
  48 277.43 182.25 288.17 43.75 
  49 275.21 181.00 288.17 43.75 
  50 301.80 188.50 288.17 50.00 
  51 288.41 188.50 301.80 50.00 
  52 315.74 187.50 301.80 50.00 
  53 316.19 182.25 315.74 43.75 
  54 309.30 183.00 316.19 45.00 
  55 316.47 182.25 316.19 43.75 
  56 322.36 181.50 316.47 42.50 
  57 338.55 182.25 322.36 43.75 
  58 355.24 189.00 338.55 50.00 
  59 355.14 183.00 355.24 46.25 
  60 356.39 190.50 355.24 52.50 
  61 373.22 193.00 356.39 55.00 
  62 378.63 192.00 373.22 52.50 
  63 381.37 183.00 378.63 45.00 
  64 381.76 191.75 381.37 58.75 
  65 383.09 197.00 381.76 58.75 
  66 388.01 193.00 383.09 55.00 
  67 380.90 189.50 388.01 50.00 
  68 386.24 191.00 388.01 51.25 
  69 385.55 180.00 388.01 42.50 
  70 376.15 194.00 388.01 55.00 
  71 393.86 196.00 388.01 57.50 
  72 381.24 194.00 393.86 55.00 
  73 387.91 187.50 393.86 50.00 
  74 388.88 193.00 393.86 55.00 
  75 386.41 193.75 393.86 56.25 
  76 375.64 187.50 393.86 50.00 
  77 384.49 192.25 393.86 55.00 
  78 367.99 195.00 393.86 55.00 
  79 379.61 192.00 393.86 52.50 
  80 388.14 188.50 393.86 50.00 
  81 375.91 186.50 393.86 50.00 
  82 389.80 189.50 393.86 50.00 
  83 388.18 188.00 393.86 50.00 
  84 380.60 188.50 393.86 50.00 
  85 380.85 187.50 393.86 50.00 
  86 386.00 188.50 393.86 50.00 
  87 386.61 189.50 393.86 50.00 
  88 388.05 188.50 393.86 50.00 
  89 392.03 188.00 393.86 50.00 
  90 394.17 195.00 393.86 56.25 
  91 382.22 182.25 394.17 43.75 
  92 392.04 203.50 394.17 62.50 
  93 389.20 207.75 394.17 66.25 
  94 384.97 184.25 394.17 48.75 
  95 389.79 197.25 394.17 58.75 
  96 388.98 197.75 394.17 61.25 
  97 387.18 191.00 394.17 55.00 
  98 392.70 177.50 394.17 42.50 
  99 382.40 191.00 394.17 55.00 
  96 389.20 188.75 -100000000.00 51.25 
