[0.00780606 0.05060127 0.21679061]
[0.00815012 0.05999355 0.22218301]
[0.00829502 0.05857155 0.22121328]
[0.00877348 0.06481434 0.22588367]
[0.03187796 0.06874998 0.20506551]
[0.01144409 0.0683207 0.22900336]
[0.03335714 0.07118655 0.20575028]
[0.01352001 0.07136742 0.23133872]
[0.01257878 0.06982457 0.23020327]
[0.01352001 0.07136742 0.23133872]
[0.01257878 0.06982457 0.23020327]
[0.0205361 0.08999944 0.22662655]
[0.01257878 0.06982457 0.23020327]
[0.0205361 0.08999944 0.22662655]
[0.01257878 0.06982457 0.23020327]
[0.0205361 0.08999944 0.22662655]
[0.01257878 0.06982457 0.23020327]
[0.0205361 0.08999944 0.22662655]
[0.01257878 0.06982457 0.23020327]
[0.00298098 0.0833574 0.23380192]
[-0.01238555 0.05873528 0.21886316]
[-0.01570188 0.05900852 0.21817361]
[0.00352069 0.08359041 0.23232268]
[-0.0115687 0.05970186 0.2171688]
[-0.0145538 0.05510573 0.21967525]
[-0.01411635 0.0596561 0.21681959]
[0.00464682 0.08322956 0.232884]
[-0.0113954 0.05939262 0.21777946]
[-0.01345001 0.05915148 0.21769101]
[-0.01353429 0.05930675 0.21742373]
[0.00456073 0.08254894 0.23416193]
[-0.01168862 0.05857188 0.21903218]
[-0.01328989 0.05818522 0.21916432]
[-0.01353429 0.05930675 0.21742373]
[-0.01216776 0.05757171 0.22002705]
[-0.01353739 0.05711763 0.22025859]
[-0.01338364 0.05755936 0.21990229]
[-0.01353429 0.05930675 0.21742373]
[-0.01277912 0.05592619 0.22016664]
[-0.01435788 0.05551334 0.2202844]
[-0.01338364 0.05755936 0.21990229]
[-0.01353429 0.05930675 0.21742373]
[0.00308333 0.08228378 0.23497533]
[-0.01460335 0.05515986 0.22013463]
[-0.01338364 0.05755936 0.21990229]
[-0.01353429 0.05930675 0.21742373]
[0.00308984 0.08247438 0.23449804]
[-0.00097236 0.1016027 0.22611308]
[-0.01338364 0.05755936 0.21990229]
[-0.01353429 0.05930675 0.21742373]
[0.00324349 0.08206736 0.23472803]
[-0.0007384 0.09987009 0.22750786]
[-0.01338364 0.05755936 0.21990229]
[-0.01353429 0.05930675 0.21742373]
[1.61341020e-04 9.79960727e-02 2.29275593e-01]
[-0.01010426 0.05098909 0.21663663]
[-0.02080844 0.05499488 0.21089227]
[-0.02047564 0.05456763 0.21188681]
[0.00126571 0.09543546 0.23085961]
[-0.00935843 0.05028514 0.21596748]
[-0.02099917 0.05497256 0.20939008]
[-0.02047564 0.05456763 0.21188681]
[0.00240432 0.09266318 0.23217843]
[-0.02082421 0.05417034 0.20877145]
[-0.02092512 0.05453933 0.20898335]
[-0.0209509 0.05469204 0.20907173]
[0.00372106 0.08993357 0.23311895]
[-0.0204504 0.05322133 0.20842454]
[-0.02092512 0.05453933 0.20898335]
[-0.0209509 0.05469204 0.20907173]
[0.00490295 0.08738734 0.23366329]
[-0.02015309 0.05244432 0.20795762]
[-0.02092512 0.05453933 0.20898335]
[-0.0209509 0.05469204 0.20907173]
[0.00580356 0.08517584 0.23391956]
[-0.02006928 0.05198413 0.20717905]
[-0.02092512 0.05453933 0.20898335]
[-0.0209509 0.05469204 0.20907173]
[0.00646726 0.0833712 0.23402307]
[-0.02012299 0.05178679 0.20621178]
[-0.02092512 0.05453933 0.20898335]
[-0.0209509 0.05469204 0.20907173]
[0.00693932 0.08195678 0.23406948]
[-0.02020557 0.05172036 0.20523041]
[-0.02092512 0.05453933 0.20898335]
[-0.0209509 0.05469204 0.20907173]
[0.00724789 0.08087663 0.23409898]
[-0.02026375 0.05169016 0.20431353]
[-0.02092512 0.05453933 0.20898335]
[-0.0209509 0.05469204 0.20907173]
[0.0074101 0.0800867 0.23412552]
[-0.02028475 0.05164596 0.20348383]
[-0.02092512 0.05453933 0.20898335]
[-0.0209509 0.05469204 0.20907173]
[0.00747173 0.07950057 0.23414476]
[-0.02026825 0.05156992 0.20272936]
[-0.02092512 0.05453933 0.20898335]
[-0.0209509 0.05469204 0.20907173]
[0.00748533 0.07900292 0.23414559]
[-0.02021955 0.05145972 0.20202445]
[-0.02092512 0.05453933 0.20898335]
[-0.0209509 0.05469204 0.20907173]
[0.00747845 0.07854086 0.23412611]
[-0.02014425 0.05132222 0.20135361]
[-0.02092512 0.05453933 0.20898335]
[-0.0209509 0.05469204 0.20907173]
[0.00746003 0.0780921 0.23409151]
[-0.02004898 0.05116766 0.20070833]
[-0.02092512 0.05453933 0.20898335]
[-0.0209509 0.05469204 0.20907173]
[0.00744395 0.07765702 0.23404523]
[-0.01993666 0.05101397 0.2000777]
[-0.02092512 0.05453933 0.20898335]
[-0.0209509 0.05469204 0.20907173]
[0.00744761 0.07724756 0.23398843]
[-0.01980688 0.05087824 0.19945263]
[-0.02092512 0.05453933 0.20898335]
[-0.0209509 0.05469204 0.20907173]
[0.00747331 0.07687128 0.23392482]
[-0.01969279 0.05078625 0.19895773]
[-0.02092512 0.05453933 0.20898335]
[-0.0209509 0.05469204 0.20907173]
[0.00754013 0.07653077 0.23385733]
[-0.01950514 0.05089033 0.19790772]
[-0.02092512 0.05453933 0.20898335]
[-0.0209509 0.05469204 0.20907173]
[0.00759809 0.07623303 0.23378805]
[-0.01933068 0.05085205 0.19723623]
[-0.02092512 0.05453933 0.20898335]
[-0.0209509 0.05469204 0.20907173]
[0.0076734 0.07598085 0.23372173]
[-0.01914647 0.05075698 0.19667215]
[-0.02092512 0.05453933 0.20898335]
[-0.0209509 0.05469204 0.20907173]
[0.00774087 0.07575883 0.23366556]
[-0.01896858 0.0506493 0.1961521]
[-0.02092512 0.05453933 0.20898335]
[-0.0209509 0.05469204 0.20907173]
[0.00779074 0.07556157 0.23361977]
[-0.01880259 0.05054828 0.19564848]
[-0.02092512 0.05453933 0.20898335]
[-0.0209509 0.05469204 0.20907173]
[0.00783989 0.07539311 0.23358087]
[-0.01864032 0.05053337 0.19506133]
[-0.02092512 0.05453933 0.20898335]
[-0.0209509 0.05469204 0.20907173]
[0.00788437 0.07525356 0.23354428]
[-0.0184703 0.05064596 0.19432229]
[-0.02092512 0.05453933 0.20898335]
[-0.0209509 0.05469204 0.20907173]
[0.00794966 0.0751608 0.23350238]
[-0.01829004 0.0506256 0.19374691]
[-0.02092512 0.05453933 0.20898335]
[-0.0209509 0.05469204 0.20907173]
[0.00804089 0.07510456 0.23346002]
[-0.01810165 0.0505637 0.19322445]
[-0.02092512 0.05453933 0.20898335]
[-0.0209509 0.05469204 0.20907173]
[0.00815573 0.07507056 0.23342203]
[-0.01789547 0.05062821 0.19256618]
[-0.02092512 0.05453933 0.20898335]
[-0.0209509 0.05469204 0.20907173]
[0.00827184 0.07505369 0.23338436]
[-0.01767851 0.05071965 0.19187704]
[-0.02092512 0.05453933 0.20898335]
[-0.0209509 0.05469204 0.20907173]
[0.00839915 0.07505543 0.23334672]
[-0.01746467 0.05068906 0.19132007]
[-0.02092512 0.05453933 0.20898335]
[-0.0209509 0.05469204 0.20907173]
[0.00855494 0.07507101 0.23331029]
[-0.01722235 0.05075548 0.19066205]
[-0.02092512 0.05453933 0.20898335]
[-0.0209509 0.05469204 0.20907173]
[0.00872132 0.07509669 0.23327053]
[-0.01696487 0.05084754 0.18998127]
[-0.02092512 0.05453933 0.20898335]
[-0.0209509 0.05469204 0.20907173]
[0.00889446 0.07512728 0.2332304]
[-0.01677079 0.05082958 0.18953592]
[-0.02092512 0.05453933 0.20898335]
[-0.0209509 0.05469204 0.20907173]
[0.00910307 0.07516482 0.23318692]
[-0.01639467 0.05097431 0.18867785]
[-0.02228154 0.05839258 0.18349077]
[-0.0209509 0.05469204 0.20907173]
[0.00931223 0.07520156 0.23313925]
[-0.02183535 0.05824589 0.18297621]
[-0.02210374 0.05835412 0.18327029]
[-0.0209509 0.05469204 0.20907173]
[0.0095554 0.07523533 0.23308724]
[-0.02130934 0.05802873 0.18253505]
[-0.02210374 0.05835412 0.18327029]
[-0.0209509 0.05469204 0.20907173]
[0.00982545 0.07525898 0.23303051]
[-0.0207198 0.05780103 0.18212587]
[-0.02210374 0.05835412 0.18327029]
[-0.0209509 0.05469204 0.20907173]
[0.01011817 0.07527382 0.232968]
[-0.01471977 0.05086756 0.18670281]
[-0.02012208 0.05758075 0.18173677]
[-0.0209509 0.05469204 0.20907173]
[0.01042381 0.07528801 0.23289857]
[-0.01420633 0.05077698 0.18633623]
[-0.01958447 0.05738278 0.18136171]
[-0.0209509 0.05469204 0.20907173]
[0.01075726 0.07531001 0.23281854]
[-0.01353413 0.05076277 0.1858946]
[-0.01893278 0.05746458 0.18079811]
[-0.0209509 0.05469204 0.20907173]
[0.01109546 0.07534315 0.23272527]
[-0.01300904 0.05066925 0.18550646]
[-0.01842597 0.05742052 0.18032392]
[-0.0209509 0.05469204 0.20907173]
[0.01144836 0.07539486 0.23261975]
[-0.0179771 0.05731094 0.17989427]
[-0.01824945 0.05737635 0.18014989]
[-0.0209509 0.05469204 0.20907173]
[0.01184494 0.07546293 0.23250124]
[-0.01181877 0.05054923 0.18469754]
[-0.0172785 0.0574708 0.1792982]
[-0.0209509 0.05469204 0.20907173]
[0.01224339 0.07554174 0.23236934]
[-0.01667877 0.05744703 0.17878831]
[-0.01690823 0.05747806 0.1789831]
[-0.0209509 0.05469204 0.20907173]
[0.01266284 0.07563872 0.23222447]
[-0.01605882 0.05733127 0.1783294]
[-0.01690823 0.05747806 0.1789831]
[-0.0209509 0.05469204 0.20907173]
[0.01310843 0.07575157 0.23206761]
[-0.01523247 0.05740934 0.17774582]
[-0.01690823 0.05747806 0.1789831]
[-0.0209509 0.05469204 0.20907173]
[0.01356619 0.07587818 0.23189576]
[-0.01438615 0.05739766 0.17719639]
[-0.01690823 0.05747806 0.1789831]
[-0.0209509 0.05469204 0.20907173]
[0.01403538 0.07602516 0.23171035]
[-0.01350744 0.05733855 0.17664811]
[-0.01690823 0.05747806 0.1789831]
[-0.0209509 0.05469204 0.20907173]
[0.01452325 0.07618861 0.23151091]
[-0.01250513 0.05740716 0.1760196]
[-0.01690823 0.05747806 0.1789831]
[-0.0209509 0.05469204 0.20907173]
[0.01504093 0.07636545 0.23129649]
[-0.01138683 0.05757618 0.17533074]
[-0.01690823 0.05747806 0.1789831]
[-0.0209509 0.05469204 0.20907173]
[0.01559341 0.07656041 0.23106113]
[-0.01018673 0.05777228 0.17462062]
[-0.01690823 0.05747806 0.1789831]
[-0.0209509 0.05469204 0.20907173]
[0.01618838 0.0767695 0.23080065]
[0.00621224 0.11405572 0.2062999]
[-0.00883045 0.05809011 0.17385942]
[-0.0209509 0.05469204 0.20907173]
[0.01684114 0.07698884 0.23050135]
[0.00700249 0.11396579 0.2060541]
[-0.00766963 0.05836436 0.17325756]
[-0.0209509 0.05469204 0.20907173]
[0.01755519 0.0772506 0.2301507]
[-0.00603049 0.05882735 0.17247221]
[-0.00671892 0.05861796 0.17279416]
[-0.0209509 0.05469204 0.20907173]
[0.01830299 0.07759357 0.22974121]
[0.00879639 0.11364976 0.20572362]
[-0.00671892 0.05861796 0.17279416]
[-0.0209509 0.05469204 0.20907173]
[0.01910868 0.07798353 0.22928509]
[-0.00176474 0.06046343 0.17075055]
[-0.00222514 0.06029695 0.17090882]
[-0.0209509 0.05469204 0.20907173]
[0.02001473 0.07844616 0.22876682]
[0.01073997 0.11315967 0.20524374]
[0.00035517 0.06133788 0.1701061]
[-0.0209509 0.05469204 0.20907173]
[0.02106395 0.07901037 0.22816358]
[0.01237719 0.112657 0.2047836]
[0.00035517 0.06133788 0.1701061]
[-0.0209509 0.05469204 0.20907173]
[0.02224352 0.07994511 0.22714229]
[0.01402956 0.1120092 0.20413005]
[0.00035517 0.06133788 0.1701061]
[-0.0209509 0.05469204 0.20907173]
[0.02379519 0.08099074 0.22586424]
[0.01479192 0.11173045 0.20384249]
[0.00035517 0.06133788 0.1701061]
[-0.0209509 0.05469204 0.20907173]
[0.02585063 0.08261362 0.22360093]
[0.01479192 0.11173045 0.20384249]
[0.00035517 0.06133788 0.1701061]
[-0.0209509 0.05469204 0.20907173]
[0.02804772 0.08378387 0.22097499]
[0.01479192 0.11173045 0.20384249]
[0.00035517 0.06133788 0.1701061]
[-0.0209509 0.05469204 0.20907173]
[0.02804772 0.08378387 0.22097499]
[0.01479192 0.11173045 0.20384249]
[0.00035517 0.06133788 0.1701061]
[-0.0209509 0.05469204 0.20907173]
[0.02804772 0.08378387 0.22097499]
[0.01479192 0.11173045 0.20384249]
[0.00035517 0.06133788 0.1701061]
[-0.0209509 0.05469204 0.20907173]
[0.02804772 0.08378387 0.22097499]
[0.01479192 0.11173045 0.20384249]
[0.00035517 0.06133788 0.1701061]
[-0.0209509 0.05469204 0.20907173]
[0.02804772 0.08378387 0.22097499]
[0.01479192 0.11173045 0.20384249]
[0.00035517 0.06133788 0.1701061]
[-0.0209509 0.05469204 0.20907173]
[0.02804772 0.08378387 0.22097499]
[0.01479192 0.11173045 0.20384249]
[0.00035517 0.06133788 0.1701061]
[-0.0209509 0.05469204 0.20907173]
[0.02804772 0.08378387 0.22097499]
[0.01479192 0.11173045 0.20384249]
[0.00035517 0.06133788 0.1701061]
[-0.0209509 0.05469204 0.20907173]
[-0.0045277 0.08886845 0.23294372]
[-0.00521296 0.09179881 0.23217346]
[-0.00521296 0.09179881 0.23217346]
[-0.00521296 0.09179881 0.23217346]
[-0.00521296 0.09179881 0.23217346]
[0.00445194 0.08502547 0.23112312]
[0.00621644 0.0995648 0.22559011]
[-0.0072188 0.05098542 0.21382141]
[-0.0079013 0.05011945 0.21401488]
[0.00532979 0.08450607 0.2295962]
[0.00876966 0.10008408 0.22447432]
[-0.00646396 0.05237039 0.21012485]
[-0.00667851 0.05145331 0.21046091]
[0.00690734 0.08394274 0.22980081]
[0.00978288 0.10055592 0.22498928]
[-0.00616259 0.05204179 0.20930177]
[-0.00636731 0.05111303 0.20961077]
[0.00784337 0.08331118 0.23065541]
[0.01010743 0.10101307 0.22592897]
[-0.00604159 0.05119578 0.20972672]
[-0.0062365 0.05026651 0.21004051]
[0.00844789 0.08277476 0.23150799]
[-0.00593395 0.05030907 0.21046145]
[-0.00611918 0.04938223 0.21078802]
[-0.00619838 0.0499059 0.21033565]
[0.00891518 0.08239705 0.23214178]
[-0.00576103 0.04954375 0.21111282]
[-0.00593599 0.04861882 0.21145031]
[-0.00619838 0.0499059 0.21033565]
[0.0093068 0.08216636 0.23257931]
[-0.00552107 0.04894476 0.21161615]
[-0.00568532 0.04802086 0.21196173]
[-0.00619838 0.0499059 0.21033565]
[0.0096148 0.08205061 0.23286978]
[-0.00526091 0.04849313 0.21198203]
[-0.00541512 0.04756962 0.21233324]
[-0.00619838 0.0499059 0.21033565]
[0.00979377 0.08202389 0.23305277]
[-0.00504124 0.04815071 0.21223911]
[-0.00536878 0.04749164 0.2123883]
[-0.00619838 0.0499059 0.21033565]
[0.00982917 0.08206326 0.23316467]
[-0.00488983 0.04788805 0.21242459]
[-0.00536878 0.04749164 0.2123883]
[-0.00619838 0.0499059 0.21033565]
[0.00972007 0.08214037 0.23324505]
[-0.00481874 0.04769059 0.21257549]
[-0.00536878 0.04749164 0.2123883]
[-0.00619838 0.0499059 0.21033565]
[0.00949667 0.08222976 0.23331978]
[-0.00481488 0.04757299 0.21271231]
[-0.00536878 0.04749164 0.2123883]
[-0.00619838 0.0499059 0.21033565]
[0.00920598 0.08231544 0.23339777]
[-0.00484322 0.04753163 0.21281672]
[-0.00536878 0.04749164 0.2123883]
[-0.00619838 0.0499059 0.21033565]
[0.00890465 0.08238543 0.23348226]
[-0.00479845 0.04765253 0.21279671]
[-0.00536878 0.04749164 0.2123883]
[-0.00619838 0.0499059 0.21033565]
[0.0086119 0.0824451 0.23355714]
[0.00729588 0.1038929 0.22482349]
[-0.0048108 0.04769599 0.21285344]
[-0.00619838 0.0499059 0.21033565]
[0.00834267 0.08247944 0.23363187]
[0.00711386 0.10373193 0.22489712]
[-0.00485004 0.04771257 0.21293326]
[-0.00619838 0.0499059 0.21033565]
[0.00808845 0.0824833 0.23371145]
[0.00701352 0.10349489 0.22510509]
[-0.00490212 0.04772527 0.2130034]
[-0.00619838 0.0499059 0.21033565]
[0.00785216 0.08245969 0.23379407]
[0.00696109 0.10322157 0.22538016]
[-0.00495638 0.04774208 0.21305465]
[-0.00619838 0.0499059 0.21033565]
[0.00764186 0.08241675 0.2338729]
[0.00693887 0.10293674 0.22567441]
[-0.00500259 0.04776301 0.21308429]
[-0.00619838 0.0499059 0.21033565]
[0.00746212 0.0823633 0.23394151]
[0.00693664 0.10265495 0.22595726]
[-0.00503428 0.04778473 0.21309264]
[-0.00619838 0.0499059 0.21033565]
[0.00731256 0.0823064 0.23399613]
[0.0069478 0.10238354 0.22621285]
[-0.00504976 0.0478027 0.21308205]
[-0.00619838 0.0499059 0.21033565]
[0.00718965 0.08225059 0.23403578]
[0.00696799 0.10212535 0.22643598]
[-0.00505088 0.04781269 0.21305593]
[-0.00619838 0.0499059 0.21033565]
[0.00708924 0.0821974 0.23406294]
[0.00699462 0.1018809 0.22662951]
[-0.00504045 0.0478138 0.21301884]
[-0.00619838 0.0499059 0.21033565]
[0.00700759 0.08214662 0.23408132]
[0.00702674 0.10164901 0.22680023]
[-0.00502117 0.04780707 0.2129752]
[-0.00619838 0.0499059 0.21033565]
[0.00694162 0.08209771 0.23409428]
[0.00706303 0.10142918 0.22695353]
[-0.0049952 0.0477943 0.21292862]
[-0.00619838 0.0499059 0.21033565]
[0.00688876 0.0820502 0.23410423]
[0.00710225 0.10122088 0.22709331]
[-0.00496416 0.04777729 0.21288159]
[-0.00619838 0.0499059 0.21033565]
[0.00684689 0.08200381 0.23411267]
[0.00714352 0.10102314 0.2272227]
[-0.00492917 0.04775758 0.21283564]
[-0.00619838 0.0499059 0.21033565]
[0.00681418 0.08195833 0.23412045]
[0.00718669 0.10083436 0.22734437]
[-0.00489115 0.04773633 0.21279153]
[-0.00619838 0.0499059 0.21033565]
[0.00678882 0.08191356 0.23412803]
[0.00723147 0.10065306 0.22746016]
[-0.00485096 0.04771437 0.21274951]
[-0.00619838 0.0499059 0.21033565]
[0.00676905 0.08186934 0.2341356]
[0.00727723 0.10047807 0.2275712]
[-0.00480946 0.04769223 0.21270955]
[-0.00619838 0.0499059 0.21033565]
[0.00675326 0.08182551 0.23414323]
[0.00732325 0.10030846 0.22767819]
[-0.00476749 0.04767022 0.21267143]
[-0.00619838 0.0499059 0.21033565]
[0.00674014 0.08178191 0.23415089]
[0.00736889 0.10014356 0.22778154]
[-0.00472575 0.04764848 0.21263489]
[-0.00619838 0.0499059 0.21033565]
[0.00672882 0.0817384 0.23415855]
[0.0074137 0.09998285 0.22788154]
[-0.00468471 0.04762711 0.21259963]
[-0.00619838 0.0499059 0.21033565]
[0.0067196 0.08169714 0.23416202]
[0.00745786 0.0998262 0.22797323]
[-0.00464423 0.04760519 0.21256289]
[-0.00619838 0.0499059 0.21033565]
[0.00671416 0.0816577 0.23414759]
[0.00750325 0.09967125 0.2280423]
[-0.00460577 0.04757263 0.21250397]
[-0.01247297 0.04796179 0.20767918]
[0.00671069 0.08160027 0.23413643]
[0.00754751 0.09951684 0.22811612]
[-0.00457737 0.04752691 0.21242856]
[-0.01249557 0.04794253 0.20755704]
[0.00671089 0.08151841 0.23414257]
[0.0075907 0.09936259 0.22821186]
[-0.00455536 0.04748167 0.21235035]
[-0.01248096 0.04790557 0.2074662]
[0.00672007 0.08141562 0.23416644]
[0.00763673 0.09920894 0.2283296]
[-0.00453212 0.04744422 0.21227491]
[-0.01246124 0.04787419 0.20738172]
[0.00673524 0.08130026 0.23420095]
[0.00768471 0.0990543 0.22846038]
[-0.00450613 0.04741457 0.21220287]
[-0.01244701 0.04785361 0.20729472]
[0.00675001 0.08118108 0.23423784]
[0.00773262 0.09889509 0.22859528]
[-0.00447875 0.04739048 0.21213314]
[-0.01243938 0.04784193 0.20720403]
[0.00675882 0.08106418 0.23427078]
[0.0077795 0.09872713 0.22872874]
[-0.00445184 0.04736973 0.21206436]
[-0.01243552 0.04783534 0.2071117]
[0.00677496 0.08085527 0.23429571]
[0.00782488 0.09854783 0.22885814]
[-0.00442703 0.04735044 0.21199565]
[-0.01243248 0.04783022 0.20702021]
[0.00678303 0.08063765 0.23431159]
[0.00786837 0.09835723 0.22898236]
[-0.00440531 0.04733112 0.21192675]
[-0.01242845 0.04782397 0.20693133]
[0.00678352 0.08041459 0.23431939]
[0.00791013 0.09815729 0.22910183]
[-0.00438715 0.04731115 0.21185798]
[-0.0124235 0.04781578 0.20684576]
[0.00677771 0.08019004 0.23432114]
[0.00794967 0.09795216 0.22921669]
[-0.00437257 0.04729026 0.21178975]
[-0.0124184 0.04780567 0.20676335]
[0.00676728 0.07996736 0.23431935]
[0.00798559 0.09774765 0.2293262]
[-0.00436125 0.04726837 0.21172257]
[-0.0124139 0.0477939 0.20668388]
[0.00675454 0.07974883 0.23431592]
[0.00801681 0.09754936 0.22942902]
[-0.00435215 0.0472457 0.21165661]
[-0.01241092 0.04778137 0.20660611]
[0.00674504 0.07953451 0.23431125]
[0.00803876 0.09737191 0.22951494]
[-0.00434089 0.04722325 0.21159056]
[-0.01240953 0.04777045 0.20652539]
[0.00673968 0.07932503 0.2343059]
[0.00805553 0.09721019 0.22958948]
[-0.0043272 0.04720108 0.21152495]
[-0.01240977 0.04776124 0.20644214]
[0.00673736 0.0791201 0.23430007]
[0.00807098 0.09705645 0.22965901]
[-0.004312 0.04717891 0.21146034]
[-0.01241189 0.04775327 0.20635744]
[0.00673652 0.07891888 0.23429367]
[0.00808668 0.09690575 0.22972693]
[-0.00429629 0.04715656 0.21139684]
[-0.01241592 0.04774613 0.20627209]
[0.0067359 0.07872072 0.23428661]
[0.00810322 0.0967552 0.229795]
[-0.00428085 0.04713411 0.21133441]
[-0.01242151 0.04773953 0.20618685]
[0.00673514 0.07852535 0.23427879]
[0.00812107 0.09660344 0.22986399]
[-0.00426592 0.0471118 0.21127293]
[-0.01242801 0.04773337 0.20610226]
[0.0067347 0.07833284 0.23427005]
[0.00814082 0.09645012 0.22993394]
[-0.00425121 0.04708995 0.21121219]
[-0.01243466 0.04772769 0.2060185]
[0.0067354 0.07814334 0.23426021]
[0.00816297 0.09629554 0.23000446]
[-0.00423626 0.0470688 0.21115204]
[-0.01244074 0.04772251 0.20593562]
[0.00673739 0.07795673 0.23424923]
[0.00818736 0.09614008 0.23007515]
[-0.00422092 0.04704831 0.21109242]
[-0.01244579 0.04771761 0.20585386]
[0.00674071 0.07777286 0.23423713]
[0.00821368 0.09598421 0.23014558]
[-0.00420517 0.04702838 0.21103334]
[-0.01244953 0.04771273 0.20577342]
[0.00674509 0.07759149 0.23422396]
[0.00824142 0.09582826 0.23021542]
[-0.00418915 0.04700883 0.21097482]
[-0.01245187 0.04770759 0.20569453]
[0.00675019 0.07741239 0.2342098]
[0.00827007 0.09567253 0.23028445]
[-0.00417311 0.04698952 0.21091689]
[-0.01245283 0.04770197 0.20561738]
[0.00675652 0.07723568 0.23419457]
[0.00829984 0.09551741 0.23035236]
[-0.00415682 0.04697053 0.21085948]
[-0.01245238 0.04769599 0.20554178]
[0.00676285 0.07706082 0.23417862]
[0.00832962 0.09536275 0.2304194]
[-0.00414102 0.04695163 0.21080286]
[-0.01245095 0.04768939 0.20546822]
[0.00676898 0.07688758 0.23416202]
[0.00835918 0.09520857 0.23048555]
[-0.00412582 0.04693277 0.21074691]
[-0.01244891 0.04768229 0.20539635]
[0.00677468 0.07671575 0.23414482]
[0.00838829 0.0950548 0.23055088]
[-0.00411136 0.04691393 0.2106916]
[-0.01244664 0.04767483 0.20532593]
[0.00677966 0.07654512 0.23412709]
[0.00841671 0.09490132 0.23061547]
[-0.00409785 0.04689517 0.21063693]
[-0.01244451 0.0476672 0.20525683]
[0.00678381 0.07637552 0.23410886]
[0.00844436 0.09474803 0.23067939]
[-0.00408537 0.04687651 0.21058286]
[-0.01244291 0.04765963 0.20518873]
[0.00678694 0.07620677 0.23409018]
[0.00847107 0.09459479 0.23074276]
[-0.00407403 0.04685798 0.21052943]
[-0.01244225 0.04765231 0.20512146]
[0.00678888 0.07603866 0.2340711]
[0.00849672 0.09444143 0.23080568]
[-0.00406393 0.04683962 0.21047667]
[-0.01244292 0.04764546 0.20505477]
[0.00678919 0.07587087 0.2340517]
[0.00852099 0.0942877 0.23086834]
[-0.00405528 0.04682138 0.21042464]
[-0.01244538 0.04763925 0.20498853]
[0.00678858 0.07570336 0.23403177]
[0.00854441 0.0941336 0.23093057]
[-0.00404753 0.0468033 0.21037302]
[-0.01244981 0.04763399 0.20492182]
[0.00678753 0.07553603 0.23401113]
[0.0085674 0.09397909 0.23099223]
[-0.00404028 0.04678535 0.21032154]
[-0.01245613 0.0476298 0.2048541]
[0.00678625 0.07536876 0.23398965]
[0.0085901 0.09382411 0.23105323]
[-0.00403335 0.04676749 0.21027008]
[-0.01246414 0.04762661 0.20478527]
[0.00678483 0.07520144 0.2339673]
[0.00861255 0.09366866 0.23111356]
[-0.00402668 0.04674964 0.21021861]
[-0.01247364 0.04762426 0.20471541]
[0.00678328 0.07503398 0.23394406]
[0.00863475 0.09351271 0.23117319]
[-0.00402023 0.04673176 0.21016713]
[-0.01248442 0.04762261 0.20464466]
[0.00678164 0.0748663 0.23391995]
[0.0086567 0.09335622 0.23123216]
[-0.00401399 0.0467138 0.21011564]
[-0.01249631 0.04762154 0.20457314]
[0.0067799 0.07469832 0.23389494]
[0.00867841 0.09319913 0.2312905]
[-0.00400794 0.04669575 0.2100641]
[-0.01250916 0.04762095 0.20450093]
[0.00677804 0.07452995 0.23386905]
[0.00869986 0.09304138 0.23134823]
[-0.00400209 0.04667758 0.21001251]
[-0.01252285 0.04762077 0.2044281]
[0.00677606 0.07436114 0.23384226]
[0.00872108 0.09288289 0.23140541]
[-0.00399643 0.04665927 0.20996082]
[-0.0125373 0.04762095 0.20435467]
[0.0287165 0.06812842 0.215466]
[0.0287165 0.06812842 0.215466]
[0.0287165 0.06812842 0.215466]
[0.0287165 0.06812842 0.215466]
[0.0287165 0.06812842 0.215466]
[0.0287165 0.06812842 0.215466]
[0.0287165 0.06812842 0.215466]
[0.0031881 0.08291859 0.2313085]
[0.00323061 0.08135517 0.23023578]
[-0.01617234 0.05647035 0.21798749]
[0.00347644 0.07953772 0.23040587]
[-0.01616376 0.05705681 0.21684642]
[0.00376069 0.07776998 0.23108065]
[-0.01627363 0.05654208 0.2168322]
[0.00404235 0.07619892 0.23191303]
[-0.01679421 0.05580363 0.21697747]
[0.00431111 0.07488382 0.23278183]
[-0.01791351 0.05526752 0.21681589]
[0.00454778 0.07382883 0.2336395]
[-0.01851261 0.05515562 0.21662886]
[0.01141457 0.09787502 0.17456897]
[-0.0218395 0.05626331 0.21413482]
[0.01280012 0.09503689 0.1742498]
[-0.02329256 0.05720304 0.2119676]
[0.00423074 0.0741985 0.23430495]
[0.01555393 0.09274395 0.17352857]
[-0.02394979 0.05693439 0.21065401]
[0.00400716 0.07460939 0.23444686]
[0.01809552 0.09155572 0.17385991]
[-0.02466704 0.05689061 0.20982583]
[0.00386112 0.07481143 0.23463264]
[0.02149736 0.09010529 0.17469665]
[-0.02464029 0.05691167 0.20860065]
[-0.01447151 0.10729532 0.18326966]
[-0.023643 0.05582601 0.20838821]
[-0.02915182 0.06086175 0.20268624]
[-0.02901267 0.06048119 0.20383869]
[0.00365615 0.07529871 0.23463302]
[-0.00766149 0.09891845 0.22789898]
[-0.01321552 0.10575132 0.18207799]
[-0.02918526 0.06035464 0.20155525]
[-0.02917042 0.06049358 0.20180935]
[0.00370138 0.07536847 0.23474502]
[-0.00729461 0.09846133 0.22771569]
[-0.01289071 0.10554245 0.18213944]
[-0.02911798 0.0604603 0.19982966]
[-0.02917042 0.06049358 0.20180935]
[-0.00686332 0.09787409 0.22808852]
[-0.01261522 0.10628383 0.18277535]
[-0.02888573 0.06051108 0.19910599]
[-0.02911798 0.0604603 0.19982966]
[-0.02917042 0.06049358 0.20180935]
[0.00381536 0.07557415 0.23471663]
[-0.00650591 0.09735224 0.22842377]
[-0.01242146 0.10699049 0.18332066]
[-0.02874497 0.06032516 0.19889556]
[-0.02911798 0.0604603 0.19982966]
[-0.02917042 0.06049358 0.20180935]
[-0.0063244 0.09725469 0.22860887]
[-0.01234027 0.10751472 0.18385113]
[0.02370198 0.07375945 0.17501917]
[-0.0285938 0.06006815 0.19892526]
[-0.02911798 0.0604603 0.19982966]
[-0.02917042 0.06049358 0.20180935]
[-0.00580539 0.09685775 0.22908327]
[-0.0120096 0.10852003 0.18456034]
[0.0229564 0.07209353 0.17486779]
[-0.02854022 0.05973987 0.19916821]
[-0.02911798 0.0604603 0.19982966]
[-0.02917042 0.06049358 0.20180935]
[0.00401579 0.07550008 0.23470443]
[-0.00540048 0.09648576 0.22942232]
[-0.01180446 0.109111 0.18511439]
[0.02248719 0.07058577 0.17482981]
[-0.02861308 0.05960091 0.1993048]
[-0.02917042 0.06049358 0.20180935]
[-0.00520773 0.096363 0.22961389]
[-0.0117572 0.1094085 0.18558607]
[0.02217709 0.06948937 0.17497564]
[-0.02864196 0.05963802 0.19923316]
[-0.02863657 0.05961248 0.19929001]
[-0.02917042 0.06049358 0.20180935]
[-0.00472685 0.09600782 0.2299867]
[-0.01148012 0.1099237 0.18620489]
[0.02188006 0.06843082 0.17504227]
[-0.02869738 0.05972753 0.19911646]
[-0.02863657 0.05961248 0.19929001]
[-0.02917042 0.06049358 0.20180935]
[-0.00427028 0.09556815 0.23032853]
[-0.01124703 0.11021795 0.1867856]
[-0.02885116 0.05994001 0.19890146]
[-0.02881338 0.05988196 0.19895557]
[-0.02863657 0.05961248 0.19929001]
[-0.02917042 0.06049358 0.20180935]
[-0.00383321 0.09500863 0.23068827]
[-0.01105724 0.11049431 0.18741893]
[-0.02906495 0.06027563 0.19855034]
[-0.02881338 0.05988196 0.19895557]
[-0.02863657 0.05961248 0.19929001]
[-0.02917042 0.06049358 0.20180935]
[-0.00328449 0.09417722 0.23141071]
[-0.01075726 0.11111798 0.18874777]
[0.01624537 0.09491659 0.22746865]
[0.01157889 0.10858187 0.18312402]
[0.01986796 0.06611211 0.17459625]
[-0.02937363 0.06081338 0.1981672]
[-0.00272029 0.09347954 0.23226139]
[-0.01036625 0.11169479 0.19040893]
[0.01224159 0.1073366 0.18330716]
[0.01935703 0.06560907 0.17481087]
[-0.0298037 0.06156509 0.198032]
[-0.0295385 0.06109758 0.19808198]
[-0.00982633 0.11218038 0.19170367]
[0.01274975 0.1068208 0.1835517]
[0.01912317 0.06492602 0.17505884]
[-0.03018582 0.06215928 0.19813409]
[-0.02996887 0.06184115 0.19803813]
[-0.0295385 0.06109758 0.19808198]
[-0.00900639 0.1126228 0.19249267]
[0.01324075 0.10662381 0.18369525]
[0.01926097 0.06403006 0.17538758]
[-0.03045188 0.0624322 0.19846525]
[-0.02996887 0.06184115 0.19803813]
[-0.0295385 0.06109758 0.19808198]
[-0.00829673 0.11292814 0.1930346]
[0.0134634 0.10662758 0.18387646]
[-0.03056325 0.06264744 0.1987731]
[-0.03049601 0.06244549 0.19855553]
[-0.02996887 0.06184115 0.19803813]
[-0.0295385 0.06109758 0.19808198]
[-0.00769942 0.11317699 0.19350169]
[0.01350201 0.10677672 0.18428465]
[-0.03060308 0.0625482 0.19937502]
[-0.03049601 0.06244549 0.19855553]
[-0.02996887 0.06184115 0.19803813]
[-0.0295385 0.06109758 0.19808198]
[-0.00714957 0.1134866 0.19399013]
[0.01356892 0.10724423 0.1854656]
[0.02365871 0.06761495 0.17710915]
[-0.0304768 0.06234167 0.20012403]
[-0.02996887 0.06184115 0.19803813]
[-0.0295385 0.06109758 0.19808198]
[-0.00676736 0.11379825 0.19446245]
[0.0136278 0.10749108 0.18633788]
[-0.0333754 0.07331269 0.19095583]
[-0.03333142 0.07355614 0.19069394]
[-0.02996887 0.06184115 0.19803813]
[-0.0295385 0.06109758 0.19808198]
[0.01391506 0.10753298 0.18691836]
[0.02281186 0.06370154 0.17876547]
[-0.03353425 0.0718331 0.19293371]
[-0.03349964 0.07247896 0.19203975]
[-0.02996887 0.06184115 0.19803813]
[-0.0295385 0.06109758 0.19808198]
[-0.00402209 0.11451984 0.19605046]
[0.01462814 0.10724928 0.18698565]
[0.02235981 0.06224326 0.17935698]
[-0.02901266 0.06061869 0.20458923]
[-0.0335405 0.07109321 0.19392688]
[-0.0295385 0.06109758 0.19808198]
[-0.00216278 0.11507274 0.19733882]
[0.01594154 0.10677262 0.18680797]
[-0.0282622 0.06011405 0.20636033]
[-0.02842626 0.06015311 0.20605767]
[-0.0335405 0.07109321 0.19392688]
[-0.0295385 0.06109758 0.19808198]
[0.00039372 0.11511796 0.19858171]
[0.01803541 0.10659431 0.18789102]
[-0.02743368 0.05960554 0.20817686]
[-0.02842626 0.06015311 0.20605767]
[-0.0335405 0.07109321 0.19392688]
[-0.0295385 0.06109758 0.19808198]
[-0.02657714 0.05933208 0.21013228]
[0.02023674 0.10653577 0.18931425]
[-0.02674957 0.05936487 0.20973598]
[-0.02692244 0.05936761 0.20938]
[-0.0335405 0.07109321 0.19392688]
[-0.0295385 0.06109758 0.19808198]
[-0.02573371 0.05923372 0.21206786]
[-0.02606432 0.05924207 0.21133221]
[-0.02674957 0.05936487 0.20973598]
[-0.02692244 0.05936761 0.20938]
[-0.0335405 0.07109321 0.19392688]
[-0.0295385 0.06109758 0.19808198]
[-0.03146209 0.06576038 0.20600094]
[-0.03157945 0.06587565 0.20546103]
[-0.03169679 0.06594578 0.20499196]
[-0.02692244 0.05936761 0.20938]
[-0.0335405 0.07109321 0.19392688]
[-0.0295385 0.06109758 0.19808198]
[-0.03058115 0.06525885 0.20885706]
[-0.03157945 0.06587565 0.20546103]
[-0.03169679 0.06594578 0.20499196]
[-0.02692244 0.05936761 0.20938]
[-0.0335405 0.07109321 0.19392688]
[-0.0295385 0.06109758 0.19808198]
[-0.02936503 0.06459411 0.21171571]
[-0.03157945 0.06587565 0.20546103]
[-0.03169679 0.06594578 0.20499196]
[-0.02692244 0.05936761 0.20938]
[-0.0335405 0.07109321 0.19392688]
[-0.0295385 0.06109758 0.19808198]
[-0.02784577 0.06400153 0.21391894]
[-0.03157945 0.06587565 0.20546103]
[-0.03169679 0.06594578 0.20499196]
[-0.02692244 0.05936761 0.20938]
[-0.0335405 0.07109321 0.19392688]
[-0.0295385 0.06109758 0.19808198]
[-0.02624067 0.06294235 0.21586526]
[-0.03157945 0.06587565 0.20546103]
[-0.03169679 0.06594578 0.20499196]
[-0.02692244 0.05936761 0.20938]
[-0.0335405 0.07109321 0.19392688]
[-0.0295385 0.06109758 0.19808198]
[-0.02459549 0.06178473 0.21708631]
[-0.03157945 0.06587565 0.20546103]
[-0.03169679 0.06594578 0.20499196]
[-0.02692244 0.05936761 0.20938]
[-0.0335405 0.07109321 0.19392688]
[-0.0295385 0.06109758 0.19808198]
[-0.02306831 0.06048698 0.21777966]
[-0.03157945 0.06587565 0.20546103]
[-0.03169679 0.06594578 0.20499196]
[-0.02692244 0.05936761 0.20938]
[-0.0335405 0.07109321 0.19392688]
[-0.0295385 0.06109758 0.19808198]
[-0.02174856 0.05908016 0.217988]
[-0.03157945 0.06587565 0.20546103]
[-0.03169679 0.06594578 0.20499196]
[-0.02692244 0.05936761 0.20938]
[-0.0335405 0.07109321 0.19392688]
[-0.0295385 0.06109758 0.19808198]
[-0.02091331 0.05788478 0.21774495]
[-0.03157945 0.06587565 0.20546103]
[-0.03169679 0.06594578 0.20499196]
[-0.02692244 0.05936761 0.20938]
[-0.0335405 0.07109321 0.19392688]
[-0.0295385 0.06109758 0.19808198]
[-0.01938438 0.05619721 0.21720796]
[-0.03157945 0.06587565 0.20546103]
[-0.03169679 0.06594578 0.20499196]
[-0.02692244 0.05936761 0.20938]
[-0.0335405 0.07109321 0.19392688]
[-0.0295385 0.06109758 0.19808198]
[-0.01607569 0.05386309 0.2173116]
[-0.03157945 0.06587565 0.20546103]
[-0.03169679 0.06594578 0.20499196]
[-0.02692244 0.05936761 0.20938]
[-0.0335405 0.07109321 0.19392688]
[-0.0295385 0.06109758 0.19808198]
[-0.01114533 0.05138582 0.21692716]
[-0.03157945 0.06587565 0.20546103]
[-0.03169679 0.06594578 0.20499196]
[-0.02692244 0.05936761 0.20938]
[-0.0335405 0.07109321 0.19392688]
[-0.0295385 0.06109758 0.19808198]
[-0.00640706 0.04964275 0.21651426]
[-0.03157945 0.06587565 0.20546103]
[-0.03169679 0.06594578 0.20499196]
[-0.02692244 0.05936761 0.20938]
[-0.0335405 0.07109321 0.19392688]
[-0.0295385 0.06109758 0.19808198]
[-0.00414077 0.04910543 0.21621903]
[-0.03157945 0.06587565 0.20546103]
[-0.03169679 0.06594578 0.20499196]
[-0.02692244 0.05936761 0.20938]
[-0.0335405 0.07109321 0.19392688]
[-0.0295385 0.06109758 0.19808198]
[0.00103369 0.04838402 0.21551465]
[-0.03157945 0.06587565 0.20546103]
[-0.03169679 0.06594578 0.20499196]
[-0.02692244 0.05936761 0.20938]
[-0.0335405 0.07109321 0.19392688]
[-0.0295385 0.06109758 0.19808198]
[0.00103369 0.04838402 0.21551465]
[-0.03157945 0.06587565 0.20546103]
[-0.03169679 0.06594578 0.20499196]
[-0.02692244 0.05936761 0.20938]
[-0.0335405 0.07109321 0.19392688]
[-0.0295385 0.06109758 0.19808198]
[0.00103369 0.04838402 0.21551465]
[-0.03157945 0.06587565 0.20546103]
[-0.03169679 0.06594578 0.20499196]
[-0.02692244 0.05936761 0.20938]
[-0.0335405 0.07109321 0.19392688]
[-0.0295385 0.06109758 0.19808198]
[0.00103369 0.04838402 0.21551465]
[-0.03157945 0.06587565 0.20546103]
[-0.03169679 0.06594578 0.20499196]
[-0.02692244 0.05936761 0.20938]
[-0.0335405 0.07109321 0.19392688]
[-0.0295385 0.06109758 0.19808198]
[0.00103369 0.04838402 0.21551465]
[-0.03157945 0.06587565 0.20546103]
[-0.03169679 0.06594578 0.20499196]
[-0.02692244 0.05936761 0.20938]
[-0.0335405 0.07109321 0.19392688]
[-0.0295385 0.06109758 0.19808198]
[-0.03157945 0.06587565 0.20546103]
[-0.03169679 0.06594578 0.20499196]
[-0.02692244 0.05936761 0.20938]
[-0.0335405 0.07109321 0.19392688]
[-0.0295385 0.06109758 0.19808198]
[-0.03157945 0.06587565 0.20546103]
[-0.03169679 0.06594578 0.20499196]
[-0.02692244 0.05936761 0.20938]
[-0.0335405 0.07109321 0.19392688]
[-0.0295385 0.06109758 0.19808198]
[-0.03157945 0.06587565 0.20546103]
[-0.03169679 0.06594578 0.20499196]
[-0.02692244 0.05936761 0.20938]
[-0.0335405 0.07109321 0.19392688]
[-0.0295385 0.06109758 0.19808198]
[-0.03157945 0.06587565 0.20546103]
[-0.03169679 0.06594578 0.20499196]
[-0.02692244 0.05936761 0.20938]
[-0.0335405 0.07109321 0.19392688]
[-0.0295385 0.06109758 0.19808198]
[-0.03157945 0.06587565 0.20546103]
[-0.03169679 0.06594578 0.20499196]
[-0.02692244 0.05936761 0.20938]
[-0.0335405 0.07109321 0.19392688]
[-0.0295385 0.06109758 0.19808198]
[-0.03157945 0.06587565 0.20546103]
[-0.03169679 0.06594578 0.20499196]
[-0.02692244 0.05936761 0.20938]
[-0.0335405 0.07109321 0.19392688]
[-0.0295385 0.06109758 0.19808198]
[-0.03157945 0.06587565 0.20546103]
[-0.03169679 0.06594578 0.20499196]
[-0.02692244 0.05936761 0.20938]
[-0.0335405 0.07109321 0.19392688]
[-0.0295385 0.06109758 0.19808198]
[-0.03157945 0.06587565 0.20546103]
[-0.03169679 0.06594578 0.20499196]
[-0.02692244 0.05936761 0.20938]
[-0.0335405 0.07109321 0.19392688]
[-0.0295385 0.06109758 0.19808198]
[-0.03157945 0.06587565 0.20546103]
[-0.03169679 0.06594578 0.20499196]
[-0.02692244 0.05936761 0.20938]
[-0.0335405 0.07109321 0.19392688]
[-0.0295385 0.06109758 0.19808198]
[-0.03157945 0.06587565 0.20546103]
[-0.03169679 0.06594578 0.20499196]
[-0.02692244 0.05936761 0.20938]
[-0.0335405 0.07109321 0.19392688]
[-0.0295385 0.06109758 0.19808198]
[-0.03157945 0.06587565 0.20546103]
[-0.03169679 0.06594578 0.20499196]
[-0.02692244 0.05936761 0.20938]
[-0.0335405 0.07109321 0.19392688]
[-0.0295385 0.06109758 0.19808198]
[-0.03157945 0.06587565 0.20546103]
[-0.03169679 0.06594578 0.20499196]
[-0.02692244 0.05936761 0.20938]
[-0.0335405 0.07109321 0.19392688]
[-0.0295385 0.06109758 0.19808198]
[-0.03157945 0.06587565 0.20546103]
[-0.03169679 0.06594578 0.20499196]
[-0.02692244 0.05936761 0.20938]
[-0.0335405 0.07109321 0.19392688]
[-0.0295385 0.06109758 0.19808198]
[-0.03157945 0.06587565 0.20546103]
[-0.03169679 0.06594578 0.20499196]
[-0.02692244 0.05936761 0.20938]
[-0.0335405 0.07109321 0.19392688]
[-0.0295385 0.06109758 0.19808198]
[-0.03157945 0.06587565 0.20546103]
[-0.03169679 0.06594578 0.20499196]
[-0.02692244 0.05936761 0.20938]
[-0.0335405 0.07109321 0.19392688]
[-0.0295385 0.06109758 0.19808198]
[-0.03157945 0.06587565 0.20546103]
[-0.03169679 0.06594578 0.20499196]
[-0.02692244 0.05936761 0.20938]
[-0.0335405 0.07109321 0.19392688]
[-0.0295385 0.06109758 0.19808198]
[-0.03157945 0.06587565 0.20546103]
[-0.03169679 0.06594578 0.20499196]
[-0.02692244 0.05936761 0.20938]
[-0.0335405 0.07109321 0.19392688]
[-0.0295385 0.06109758 0.19808198]
[-0.03157945 0.06587565 0.20546103]
[-0.03169679 0.06594578 0.20499196]
[-0.02692244 0.05936761 0.20938]
[-0.0335405 0.07109321 0.19392688]
[-0.0295385 0.06109758 0.19808198]
[-0.03157945 0.06587565 0.20546103]
[-0.03169679 0.06594578 0.20499196]
[-0.02692244 0.05936761 0.20938]
[-0.0335405 0.07109321 0.19392688]
[-0.0295385 0.06109758 0.19808198]
[-0.03157945 0.06587565 0.20546103]
[-0.03169679 0.06594578 0.20499196]
[-0.02692244 0.05936761 0.20938]
[-0.0335405 0.07109321 0.19392688]
[-0.0295385 0.06109758 0.19808198]
[0.01069105 0.04803593 0.20842416]
[0.01718515 0.05840677 0.21228523]
[0.02301284 0.06448753 0.21409295]
[0.02939519 0.06938125 0.21477901]
[0.03049952 0.07032936 0.21471145]
[0.03049952 0.07032936 0.21471145]
[0.03049952 0.07032936 0.21471145]
[0.03049952 0.07032936 0.21471145]
[0.03049952 0.07032936 0.21471145]
[0.00345042 0.08026978 0.23368205]
[-0.00494618 0.09899646 0.22837501]
[0.00339581 0.0794884 0.23174509]
[-0.00118794 0.09966495 0.22742881]
[-0.01843698 0.05443948 0.20934013]
[-0.01955497 0.05394519 0.20929068]
[0.00359615 0.07799027 0.23169575]
[0.00047254 0.09970955 0.2282413]
[-0.01695145 0.05405638 0.20806325]
[-0.0188512 0.05390562 0.20749038]
[0.0038895 0.07616662 0.23240324]
[-0.01564528 0.05236904 0.20853063]
[-0.01892934 0.05269807 0.20719064]
[-0.01886039 0.05327727 0.20720635]
[0.00424599 0.07431165 0.23332331]
[-0.01434981 0.05012122 0.20937803]
[-0.01896958 0.05155651 0.20730513]
[-0.01886039 0.05327727 0.20720635]
[0.00454481 0.07291069 0.23406204]
[-0.01392519 0.04926666 0.20958367]
[-0.01896958 0.05155651 0.20730513]
[-0.01886039 0.05327727 0.20720635]
[0.00454481 0.07291069 0.23406204]
[-0.01392519 0.04926666 0.20958367]
[-0.01896958 0.05155651 0.20730513]
[-0.01886039 0.05327727 0.20720635]
[0.00435812 0.07180419 0.23351631]
[0.00705541 0.09677999 0.22998584]
[-0.01279904 0.04746684 0.2026665]
[-0.01886039 0.05327727 0.20720635]
[-0.01061652 0.04663962 0.20149667]
[-0.01099951 0.0468506 0.20168051]
[-0.01139265 0.04702264 0.20184076]
[-0.01886039 0.05327727 0.20720635]
[0.00775743 0.11220414 0.18816441]
[0.00672909 0.11230694 0.18799925]
[-0.01139265 0.04702264 0.20184076]
[-0.01886039 0.05327727 0.20720635]
[0.0179856 0.09192524 0.22777744]
[-0.01160389 0.04935117 0.18763668]
[-0.01139265 0.04702264 0.20184076]
[-0.01886039 0.05327727 0.20720635]
[0.01987512 0.0911209 0.22682016]
[-0.0101258 0.04941438 0.18581129]
[-0.01139265 0.04702264 0.20184076]
[-0.01886039 0.05327727 0.20720635]
[0.01987512 0.0911209 0.22682016]
[-0.0101258 0.04941438 0.18581129]
[-0.01139265 0.04702264 0.20184076]
[-0.01886039 0.05327727 0.20720635]
[0.01987512 0.0911209 0.22682016]
[-0.0101258 0.04941438 0.18581129]
[-0.01139265 0.04702264 0.20184076]
[-0.01886039 0.05327727 0.20720635]
[0.01987512 0.0911209 0.22682016]
[-0.0101258 0.04941438 0.18581129]
[-0.01139265 0.04702264 0.20184076]
[-0.01886039 0.05327727 0.20720635]
[0.01987512 0.0911209 0.22682016]
[-0.0101258 0.04941438 0.18581129]
[-0.01139265 0.04702264 0.20184076]
[-0.01886039 0.05327727 0.20720635]
[0.01987512 0.0911209 0.22682016]
[-0.0101258 0.04941438 0.18581129]
[-0.01139265 0.04702264 0.20184076]
[-0.01886039 0.05327727 0.20720635]
[-0.0101258 0.04941438 0.18581129]
[-0.01139265 0.04702264 0.20184076]
[-0.01886039 0.05327727 0.20720635]
[-0.01886039 0.05327727 0.20720635]
[-0.01886039 0.05327727 0.20720635]
[-0.01886039 0.05327727 0.20720635]
[-0.01886039 0.05327727 0.20720635]
[-0.01886039 0.05327727 0.20720635]
[-0.01886039 0.05327727 0.20720635]
[-0.01886039 0.05327727 0.20720635]
[-0.01886039 0.05327727 0.20720635]
[-0.01886039 0.05327727 0.20720635]
[-0.01886039 0.05327727 0.20720635]
[-0.01886039 0.05327727 0.20720635]
[-0.01886039 0.05327727 0.20720635]
[-0.01886039 0.05327727 0.20720635]
[-0.01886039 0.05327727 0.20720635]
[-0.01886039 0.05327727 0.20720635]
[-0.01886039 0.05327727 0.20720635]
[-0.01886039 0.05327727 0.20720635]
[-0.01886039 0.05327727 0.20720635]
[-0.01886039 0.05327727 0.20720635]
[-0.01886039 0.05327727 0.20720635]
[-0.01886039 0.05327727 0.20720635]
[-0.01886039 0.05327727 0.20720635]
[-0.01886039 0.05327727 0.20720635]
[-0.01886039 0.05327727 0.20720635]
[-0.01886039 0.05327727 0.20720635]
[-0.01886039 0.05327727 0.20720635]
[-0.01886039 0.05327727 0.20720635]
[-0.00746848 0.10198021 0.22488179]
[-0.01886039 0.05327727 0.20720635]
[-0.01095322 0.09967789 0.22695185]
[-0.01886039 0.05327727 0.20720635]
[-0.01049755 0.08026432 0.23360566]
[-0.01886039 0.05327727 0.20720635]
[0.00522447 0.08800616 0.23164846]
[0.00285866 0.09478504 0.23060576]
[0.00352876 0.09610453 0.23030905]
[-0.01886039 0.05327727 0.20720635]
[0.00504154 0.08227712 0.23209891]
[0.00116829 0.09374924 0.23203245]
[0.00352876 0.09610453 0.23030905]
[-0.01886039 0.05327727 0.20720635]
[-0.01612318 0.0691542 0.2291454]
[0.00573433 0.07566458 0.23164251]
[0.02431373 0.0826364 0.225146]
[-0.01886039 0.05327727 0.20720635]
[-0.01655068 0.06616907 0.22773315]
[0.00599165 0.07116985 0.23069381]
[0.02383524 0.08185194 0.22392292]
[-0.01886039 0.05327727 0.20720635]
[0.00590793 0.06851267 0.23035426]
[0.02379821 0.08081472 0.2236847]
[0.02383881 0.08162919 0.22381189]
[-0.01886039 0.05327727 0.20720635]
[0.00623816 0.06667241 0.23057048]
[0.02442488 0.07972324 0.2237854]
[0.02383881 0.08162919 0.22381189]
[-0.01886039 0.05327727 0.20720635]
[0.00770405 0.06533776 0.23104372]
[0.02583522 0.07881329 0.22377405]
[0.02383881 0.08162919 0.22381189]
[-0.01886039 0.05327727 0.20720635]
[-0.01724321 0.06601696 0.22551769]
[-0.02362974 0.07482516 0.22524204]
[0.02383881 0.08162919 0.22381189]
[-0.01886039 0.05327727 0.20720635]
[-0.01610834 0.06508381 0.22467295]
[-0.0234203 0.07463016 0.22352528]
[0.01286399 0.06810581 0.23020717]
[-0.01886039 0.05327727 0.20720635]
[-0.01574086 0.06384099 0.2244845]
[-0.0237785 0.07390697 0.22266886]
[-0.0300876 0.08394176 0.21705801]
[0.01388886 0.06881697 0.23023906]
[0.0093007 0.08749553 0.23306491]
[0.00493246 0.10263418 0.22653367]
[-0.01612511 0.06346965 0.2244908]
[-0.02435131 0.07375672 0.22203388]
[-0.03055385 0.08373972 0.21540723]
[0.0092083 0.08805094 0.23242527]
[0.00523944 0.10288101 0.2246014]
[0.00514475 0.1029058 0.22538903]
[-0.01689455 0.06373341 0.22474146]
[-0.02497402 0.07405548 0.22165107]
[-0.03083818 0.0837324 0.21451818]
[0.00857724 0.08759268 0.23267342]
[0.00486545 0.10237488 0.22476073]
[0.00514475 0.1029058 0.22538903]
[-0.01762115 0.06425767 0.2253129]
[-0.02556971 0.07481815 0.22152488]
[-0.03096747 0.08399269 0.21406764]
[0.00759154 0.08679108 0.23347463]
[0.00400871 0.10173695 0.2257927]
[0.00514475 0.1029058 0.22538903]
[-0.01770225 0.06427558 0.22601533]
[-0.02603802 0.07603006 0.22150663]
[-0.03088373 0.08452761 0.21384707]
[0.00288988 0.10113879 0.22706251]
[0.00358038 0.10149764 0.22629151]
[0.00514475 0.1029058 0.22538903]
[-0.02641823 0.07748655 0.22155685]
[-0.03071307 0.0852032 0.2137412]
[0.00168617 0.10053281 0.2282553]
[0.01059513 0.05430392 0.17839933]
[0.00358038 0.10149764 0.22629151]
[0.00514475 0.1029058 0.22538903]
[-0.02671111 0.07903557 0.2216747]
[-0.03052573 0.08595964 0.21370385]
[0.00032812 0.10020595 0.22886385]
[0.01059513 0.05430392 0.17839933]
[0.00358038 0.10149764 0.22629151]
[0.00514475 0.1029058 0.22538903]
[-0.02660662 0.07990849 0.22228646]
[-0.03035041 0.08678194 0.21375953]
[-0.00107127 0.10041286 0.22847977]
[0.01059513 0.05430392 0.17839933]
[0.00358038 0.10149764 0.22629151]
[0.00514475 0.1029058 0.22538903]
[-0.02604624 0.07995943 0.22362071]
[-0.03016493 0.08774327 0.21395401]
[-0.00249208 0.10084956 0.22799572]
[0.01059513 0.05430392 0.17839933]
[0.00358038 0.10149764 0.22629151]
[0.00514475 0.1029058 0.22538903]
[-0.02986129 0.08888706 0.21429281]
[-0.0036209 0.10155769 0.22721069]
[-0.00249208 0.10084956 0.22799572]
[0.01059513 0.05430392 0.17839933]
[0.00358038 0.10149764 0.22629151]
[0.00514475 0.1029058 0.22538903]
[-0.02944157 0.0901938 0.21477731]
[-0.00399539 0.10098692 0.22746707]
[-0.00249208 0.10084956 0.22799572]
[0.01059513 0.05430392 0.17839933]
[0.00358038 0.10149764 0.22629151]
[0.00514475 0.1029058 0.22538903]
[-0.02896214 0.09163024 0.21540597]
[-0.00399408 0.10027892 0.22792456]
[-0.00249208 0.10084956 0.22799572]
[0.01059513 0.05430392 0.17839933]
[0.00358038 0.10149764 0.22629151]
[0.00514475 0.1029058 0.22538903]
[-0.02792604 0.0921264 0.21775872]
[-0.00364247 0.09953017 0.22859136]
[-0.00249208 0.10084956 0.22799572]
[0.01059513 0.05430392 0.17839933]
[0.00358038 0.10149764 0.22629151]
[0.00514475 0.1029058 0.22538903]
[-0.02546948 0.091999 0.22095492]
[-0.00296633 0.09897777 0.22940274]
[-0.00249208 0.10084956 0.22799572]
[0.01059513 0.05430392 0.17839933]
[0.00358038 0.10149764 0.22629151]
[0.00514475 0.1029058 0.22538903]
[-1.66280844e-04 9.67350526e-02 2.30981757e-01]
[-0.00153042 0.09784582 0.23026093]
[-0.00249208 0.10084956 0.22799572]
[0.01059513 0.05430392 0.17839933]
[0.00358038 0.10149764 0.22629151]
[0.00514475 0.1029058 0.22538903]
[-0.01996086 0.09082315 0.22692856]
[-0.00153042 0.09784582 0.23026093]
[-0.00249208 0.10084956 0.22799572]
[0.01059513 0.05430392 0.17839933]
[0.00358038 0.10149764 0.22629151]
[0.00514475 0.1029058 0.22538903]
[-0.012609 0.08812453 0.23181667]
[-0.00153042 0.09784582 0.23026093]
[-0.00249208 0.10084956 0.22799572]
[0.01059513 0.05430392 0.17839933]
[0.00358038 0.10149764 0.22629151]
[0.00514475 0.1029058 0.22538903]
[-0.012609 0.08812453 0.23181667]
[-0.00153042 0.09784582 0.23026093]
[-0.00249208 0.10084956 0.22799572]
[0.01059513 0.05430392 0.17839933]
[0.00358038 0.10149764 0.22629151]
[0.00514475 0.1029058 0.22538903]
[-0.012609 0.08812453 0.23181667]
[-0.00153042 0.09784582 0.23026093]
[-0.00249208 0.10084956 0.22799572]
[0.01059513 0.05430392 0.17839933]
[0.00358038 0.10149764 0.22629151]
[0.00514475 0.1029058 0.22538903]
[0.01663807 0.06334093 0.22329462]
[0.01990987 0.07523056 0.22762451]
[0.02074539 0.07725518 0.22825755]
[0.02074539 0.07725518 0.22825755]
[0.02074539 0.07725518 0.22825755]
[0.02074539 0.07725518 0.22825755]
[0.02074539 0.07725518 0.22825755]
[0.02074539 0.07725518 0.22825755]
[0.00244848 0.08447968 0.23215153]
[0.00248349 0.08313127 0.2307337]
[-0.01907332 0.05871585 0.2196012]
[0.00279334 0.08127634 0.23086154]
[-0.01952547 0.0604894 0.21767329]
[0.00310893 0.07952485 0.23144276]
[-0.0198172 0.06060004 0.21733746]
[0.00341057 0.07785821 0.23221561]
[-0.02028599 0.06016568 0.21745377]
[0.00369974 0.07633837 0.23302084]
[0.00802035 0.10309089 0.17484409]
[-0.02108206 0.05970377 0.21744473]
[0.00387315 0.07508536 0.23380435]
[0.00665026 0.10109579 0.17617007]
[-0.02230287 0.05961645 0.21689691]
[0.00684452 0.10105539 0.17722958]
[-0.02384036 0.05988913 0.21584956]
[-0.02351836 0.05981436 0.21608906]
[0.00874308 0.10106612 0.1774721]
[-0.02497636 0.05989075 0.21459478]
[0.00351046 0.07487549 0.23434538]
[0.01188676 0.10025098 0.17645467]
[-0.02579075 0.05975273 0.21241675]
[0.00331214 0.07512752 0.23435982]
[0.01434757 0.0999378 0.17651373]
[-0.02680199 0.06000339 0.21035891]
[0.01641263 0.09983947 0.1774396]
[-0.02773346 0.06046327 0.20876257]
[-0.0275622 0.06036879 0.20905502]
[0.00318894 0.07520394 0.23465574]
[0.01870591 0.09890415 0.17777992]
[-0.02818262 0.06024759 0.20761822]
[0.00313328 0.07520084 0.23471366]
[0.02064952 0.09801801 0.17845917]
[-0.03231532 0.06625726 0.19947637]
[0.00311405 0.07509995 0.23471864]
[0.02249137 0.09687623 0.17911214]
[-0.03196714 0.06648578 0.19814902]
[0.00309182 0.07490408 0.23472426]
[0.0240906 0.09555317 0.17970911]
[-0.03176892 0.06586326 0.19778578]
[0.02554022 0.09382864 0.18009577]
[-0.03156935 0.06465772 0.19789623]
[-0.03165357 0.06513693 0.19784027]
[0.02671493 0.09114651 0.18003359]
[0.0265153 0.09172203 0.18001298]
[0.02582117 0.09334556 0.1800679]
[-0.03150644 0.06433263 0.19791956]
[0.00286417 0.07419021 0.23458224]
[-0.01435568 0.09795101 0.22641053]
[-0.01889546 0.1026865 0.18203938]
[0.02751123 0.08776631 0.17943331]
[-0.03015159 0.0624612 0.19651252]
[0.00283808 0.07403912 0.23447164]
[-0.01382597 0.09748461 0.22619511]
[-0.01829383 0.10291403 0.18234191]
[0.02756841 0.08533994 0.17893893]
[-0.02958456 0.06166757 0.19586147]
[0.00281918 0.07397437 0.23431082]
[-0.01375374 0.09697175 0.2262306]
[-0.01819831 0.10266674 0.18216937]
[0.02751309 0.08408141 0.17861344]
[-0.02926013 0.0611348 0.19548694]
[0.00280603 0.07390935 0.23419555]
[-0.01384587 0.09653828 0.22637998]
[-0.01829913 0.10245812 0.18212358]
[0.02734049 0.08332647 0.17837024]
[-0.02905704 0.06080151 0.19524087]
[0.00280007 0.07385257 0.23411188]
[-0.01398475 0.09618304 0.22655286]
[-0.01847004 0.10260194 0.18250223]
[0.02712393 0.08284183 0.17817152]
[-0.0288964 0.06057105 0.19502609]
[0.00280314 0.07381143 0.23403914]
[-0.01413042 0.09587611 0.2267179]
[-0.01866066 0.10276413 0.18285407]
[0.0269154 0.08250682 0.17799663]
[-0.02875121 0.06038994 0.19481078]
[0.0028155 0.07376958 0.23397799]
[-0.01427182 0.09560652 0.22687122]
[-0.01885762 0.10291528 0.18318141]
[0.02244818 0.1068922 0.19771548]
[0.02672738 0.08226038 0.17784914]
[-0.02862149 0.06025545 0.19458557]
[0.00283312 0.07371835 0.23392315]
[-0.01439741 0.09536533 0.22700354]
[-0.01904122 0.1030268 0.18347377]
[0.02240028 0.10673378 0.19741071]
[0.02657132 0.08206954 0.17772608]
[-0.02850972 0.06016031 0.1943528]
[0.00285464 0.07364404 0.2338765]
[-0.01450777 0.09515305 0.22711385]
[-0.01920768 0.10309596 0.18373969]
[0.02237815 0.10659494 0.19716998]
[0.02644185 0.08191509 0.17763032]
[-0.02842107 0.06011999 0.19410587]
[0.00287857 0.0735314 0.23384696]
[-0.01460144 0.09498349 0.22720029]
[-0.01935002 0.10312011 0.18398792]
[0.00380917 0.09218528 0.2326891]
[0.02237379 0.10647111 0.19697773]
[0.02632365 0.08178511 0.17756351]
[-0.02836368 0.06014797 0.19384578]
[0.00290105 0.07338201 0.23382717]
[-0.01466752 0.09487367 0.22723932]
[-0.01944507 0.1030807 0.18416829]
[0.00366408 0.09268819 0.2323662]
[0.02239297 0.10636583 0.19683024]
[0.02622679 0.08166818 0.17751846]
[-0.02833512 0.06025513 0.19355728]
[0.00291966 0.0732136 0.23379738]
[-0.014695 0.09482395 0.22721534]
[-0.01947582 0.10297139 0.18421726]
[0.00358107 0.09303446 0.23211696]
[0.02245011 0.10628384 0.19672792]
[0.02616847 0.08153705 0.17749152]
[-0.028325 0.06044963 0.19320956]
[0.00293811 0.07300226 0.23377653]
[-0.01471493 0.09480098 0.22718806]
[-0.0194924 0.10283421 0.18425981]
[0.00352271 0.09325539 0.23196346]
[0.0225108 0.10620467 0.19668544]
[0.02613272 0.08141955 0.1774987]
[-0.0283531 0.06071912 0.19281201]
[0.0029762 0.07255379 0.23400804]
[-0.01470129 0.09492616 0.22739812]
[-0.01952902 0.10274674 0.18480326]
[0.00345902 0.0934384 0.2321794]
[-0.00142595 0.11293016 0.18857258]
[0.0226057 0.10607221 0.19722123]
[0.0262018 0.08124758 0.17795923]
[-0.02849795 0.06117101 0.19253205]
[-0.01468466 0.09510541 0.2277242]
[-0.01959123 0.10274935 0.18553691]
[-0.00140716 0.11287888 0.18917489]
[0.02270607 0.10596668 0.19797647]
[0.02630054 0.08106328 0.17857057]
[-0.02873039 0.06172759 0.19237804]
[-0.02863276 0.06150803 0.19242737]
[-0.02858414 0.06139166 0.1924572]
[-0.01461378 0.09510634 0.22811969]
[-0.01961863 0.10303252 0.1861671]
[-0.00155639 0.11294253 0.18924372]
[0.02285697 0.10582323 0.19847844]
[0.02640847 0.08062545 0.17898035]
[-0.02906641 0.06221131 0.19230271]
[-0.02863276 0.06150803 0.19242737]
[-0.02858414 0.06139166 0.1924572]
[-0.01972519 0.10321947 0.18657646]
[-0.00180197 0.11308299 0.18888988]
[0.02296746 0.10572863 0.19868435]
[0.02642713 0.07994504 0.1791788]
[-0.02948129 0.06265891 0.19224356]
[-0.02931215 0.06248077 0.19226885]
[-0.02863276 0.06150803 0.19242737]
[-0.02858414 0.06139166 0.1924572]
[-0.01961206 0.10374621 0.18681422]
[0.00294495 0.0945598 0.23191245]
[0.023175 0.10561761 0.1986109]
[0.0264496 0.07900342 0.17918436]
[-0.02985861 0.06304736 0.19214541]
[-0.02931215 0.06248077 0.19226885]
[-0.02863276 0.06150803 0.19242737]
[-0.02858414 0.06139166 0.1924572]
[-0.01936486 0.10436505 0.18688349]
[0.00289567 0.09478569 0.23154675]
[0.02343694 0.10544411 0.19852369]
[0.02651696 0.07787433 0.1791916]
[-0.03036646 0.0785784 0.18255678]
[-0.03041449 0.07849805 0.18253809]
[-0.02863276 0.06150803 0.19242737]
[-0.02858414 0.06139166 0.1924572]
[-0.01907567 0.10489037 0.1868346]
[0.00289919 0.09499492 0.23129983]
[-0.00207209 0.11274527 0.18712959]
[0.02372912 0.10523635 0.19841514]
[0.02663896 0.07663367 0.17928587]
[-0.03055463 0.07841794 0.18301882]
[-0.02863276 0.06150803 0.19242737]
[-0.02858414 0.06139166 0.1924572]
[-0.01874374 0.10529282 0.18674923]
[0.00294579 0.09528406 0.23111309]
[-0.0021102 0.11239822 0.18685989]
[0.02407713 0.1049916 0.19821825]
[0.02686182 0.07528292 0.17953382]
[-0.03119942 0.07766653 0.18395455]
[-0.02863276 0.06150803 0.19242737]
[-0.02858414 0.06139166 0.1924572]
[-0.01840349 0.1054946 0.18664252]
[0.00305019 0.09578187 0.23089994]
[-0.0021157 0.11213276 0.18666055]
[0.0245257 0.10467048 0.19794957]
[0.02717176 0.07377573 0.1799621]
[-0.03165788 0.0769677 0.18504804]
[-0.02858414 0.06139166 0.1924572]
[-0.01819818 0.10542243 0.18653651]
[0.00317386 0.09652793 0.23060193]
[-0.00210428 0.11188778 0.1864773]
[0.02503344 0.10428601 0.19762952]
[0.02750968 0.07218017 0.18055081]
[-0.03197906 0.07645624 0.18621398]
[-0.02858414 0.06139166 0.1924572]
[-0.01807612 0.10525731 0.18645924]
[0.00327332 0.09747661 0.23021018]
[-0.00209696 0.1116535 0.18631785]
[0.02553482 0.1038759 0.19729608]
[0.02781944 0.07062486 0.181252]
[-0.03267862 0.07589639 0.18747328]
[-0.02858414 0.06139166 0.1924572]
[-0.01798781 0.10507927 0.18643446]
[0.00332587 0.0986852 0.22969687]
[-0.00208279 0.11137949 0.18619112]
[0.02599455 0.10349784 0.19705371]
[0.02805654 0.06920088 0.18206759]
[-0.03311335 0.07567789 0.18905391]
[-0.02858414 0.06139166 0.1924572]
[-0.01813624 0.10489931 0.1866567]
[-0.00251418 0.11143714 0.18647555]
[0.02821198 0.06800538 0.18288393]
[-0.03371462 0.07559151 0.19076175]
[-0.03362086 0.07557747 0.1904125]
[-0.03311335 0.07567789 0.18905391]
[-0.02858414 0.06139166 0.1924572]
[-0.01837033 0.10487331 0.18731813]
[-0.00324707 0.11178378 0.18722506]
[0.0271947 0.10212688 0.19690301]
[0.02830504 0.06697502 0.18374298]
[-0.0342182 0.07582904 0.19267913]
[-0.03311335 0.07567789 0.18905391]
[-0.02858414 0.06139166 0.1924572]
[-0.01866661 0.10501551 0.18835517]
[-0.00395319 0.11207802 0.18814067]
[0.02762788 0.10157267 0.19696654]
[0.02833489 0.06619518 0.18472491]
[-0.03460442 0.07638849 0.19461787]
[-0.03311335 0.07567789 0.18905391]
[-0.02858414 0.06139166 0.1924572]
[-0.01903217 0.10526163 0.18966006]
[-0.00452397 0.11228763 0.18913301]
[0.02786884 0.10132192 0.1971268]
[0.02853592 0.06576062 0.18592989]
[-0.03494128 0.0771659 0.19660213]
[-0.03311335 0.07567789 0.18905391]
[-0.02858414 0.06139166 0.1924572]
[-0.01940094 0.10554611 0.19112173]
[-0.00484092 0.11245985 0.19018494]
[0.02891678 0.06548407 0.18730207]
[-0.03516613 0.07806678 0.19854918]
[-0.03504113 0.07771573 0.19772185]
[-0.03311335 0.07567789 0.18905391]
[-0.02858414 0.06139166 0.1924572]
[-0.01971585 0.10586005 0.19270631]
[-0.00492773 0.11266917 0.1913589]
[0.02814794 0.10109501 0.19779528]
[0.02938166 0.06525322 0.1888101]
[-0.03514976 0.07906881 0.20027747]
[-0.03311335 0.07567789 0.18905391]
[-0.02858414 0.06139166 0.1924572]
[-0.01993278 0.10618317 0.19433888]
[-0.00481768 0.11292316 0.19264025]
[0.02987793 0.06511615 0.19043791]
[-0.03519521 0.07966544 0.2018789]
[-0.03517048 0.07925271 0.20065128]
[-0.03311335 0.07567789 0.18905391]
[-0.02858414 0.06139166 0.1924572]
[-0.02009479 0.10651413 0.19604562]
[-0.00461863 0.11323459 0.19403103]
[0.02825639 0.10102182 0.19898055]
[0.03036324 0.06510852 0.19215871]
[-0.03498531 0.07986534 0.20394047]
[-0.03311335 0.07567789 0.18905391]
[-0.02858414 0.06139166 0.1924572]
[-0.02026705 0.10685682 0.19796971]
[-0.00404807 0.11378745 0.19561589]
[0.03078293 0.06515166 0.19390151]
[-0.03461515 0.07994876 0.20630602]
[-0.03475818 0.07993402 0.20552024]
[-0.03491871 0.07990986 0.20476027]
[-0.03311335 0.07567789 0.18905391]
[-0.02858414 0.06139166 0.1924572]
[-0.02038921 0.10735848 0.20039522]
[-0.00259538 0.11479133 0.19760777]
[0.03115536 0.06518953 0.19575259]
[-0.03414136 0.07998679 0.2083784]
[-0.03475818 0.07993402 0.20552024]
[-0.03491871 0.07990986 0.20476027]
[-0.03311335 0.07567789 0.18905391]
[-0.02858414 0.06139166 0.1924572]
[-0.02030243 0.10827113 0.20365429]
[0.03147458 0.06511408 0.19771137]
[-0.03347445 0.08006553 0.21081149]
[-0.0340328 0.07999878 0.20882906]
[-0.03475818 0.07993402 0.20552024]
[-0.03491871 0.07990986 0.20476027]
[-0.03311335 0.07567789 0.18905391]
[-0.02858414 0.06139166 0.1924572]
[0.03180218 0.06494398 0.2001805]
[-0.03229998 0.08030778 0.21387004]
[-0.03309355 0.0801128 0.21191751]
[-0.03326077 0.08009289 0.21134869]
[-0.03475818 0.07993402 0.20552024]
[-0.03491871 0.07990986 0.20476027]
[-0.03311335 0.07567789 0.18905391]
[-0.02858414 0.06139166 0.1924572]
[0.00628759 0.11403188 0.20640328]
[-0.03229998 0.08030778 0.21387004]
[-0.03309355 0.0801128 0.21191751]
[-0.03326077 0.08009289 0.21134869]
[-0.03475818 0.07993402 0.20552024]
[-0.03491871 0.07990986 0.20476027]
[-0.03311335 0.07567789 0.18905391]
[-0.02858414 0.06139166 0.1924572]
[-0.02661055 0.08155483 0.22301609]
[-0.03229998 0.08030778 0.21387004]
[-0.03309355 0.0801128 0.21191751]
[-0.03326077 0.08009289 0.21134869]
[-0.03475818 0.07993402 0.20552024]
[-0.03491871 0.07990986 0.20476027]
[-0.03311335 0.07567789 0.18905391]
[-0.02858414 0.06139166 0.1924572]
[-0.02661055 0.08155483 0.22301609]
[-0.03229998 0.08030778 0.21387004]
[-0.03309355 0.0801128 0.21191751]
[-0.03326077 0.08009289 0.21134869]
[-0.03475818 0.07993402 0.20552024]
[-0.03491871 0.07990986 0.20476027]
[-0.03311335 0.07567789 0.18905391]
[-0.02858414 0.06139166 0.1924572]
[-0.02661055 0.08155483 0.22301609]
[-0.03229998 0.08030778 0.21387004]
[-0.03309355 0.0801128 0.21191751]
[-0.03326077 0.08009289 0.21134869]
[-0.03475818 0.07993402 0.20552024]
[-0.03491871 0.07990986 0.20476027]
[-0.03311335 0.07567789 0.18905391]
[-0.02858414 0.06139166 0.1924572]
[-0.02661055 0.08155483 0.22301609]
[-0.03229998 0.08030778 0.21387004]
[-0.03309355 0.0801128 0.21191751]
[-0.03326077 0.08009289 0.21134869]
[-0.03475818 0.07993402 0.20552024]
[-0.03491871 0.07990986 0.20476027]
[-0.03311335 0.07567789 0.18905391]
[-0.02858414 0.06139166 0.1924572]
[-0.03229998 0.08030778 0.21387004]
[-0.03309355 0.0801128 0.21191751]
[-0.03326077 0.08009289 0.21134869]
[-0.03475818 0.07993402 0.20552024]
[-0.03491871 0.07990986 0.20476027]
[-0.03311335 0.07567789 0.18905391]
[-0.02858414 0.06139166 0.1924572]
[-0.03229998 0.08030778 0.21387004]
[-0.03309355 0.0801128 0.21191751]
[-0.03326077 0.08009289 0.21134869]
[-0.03475818 0.07993402 0.20552024]
[-0.03491871 0.07990986 0.20476027]
[-0.03311335 0.07567789 0.18905391]
[-0.02858414 0.06139166 0.1924572]
[-0.03309355 0.0801128 0.21191751]
[-0.03326077 0.08009289 0.21134869]
[-0.03475818 0.07993402 0.20552024]
[-0.03491871 0.07990986 0.20476027]
[-0.03311335 0.07567789 0.18905391]
[-0.02858414 0.06139166 0.1924572]
[-0.03309355 0.0801128 0.21191751]
[-0.03326077 0.08009289 0.21134869]
[-0.03475818 0.07993402 0.20552024]
[-0.03491871 0.07990986 0.20476027]
[-0.03311335 0.07567789 0.18905391]
[-0.02858414 0.06139166 0.1924572]
[-0.03326077 0.08009289 0.21134869]
[-0.03475818 0.07993402 0.20552024]
[-0.03491871 0.07990986 0.20476027]
[-0.03311335 0.07567789 0.18905391]
[-0.02858414 0.06139166 0.1924572]
[-0.03326077 0.08009289 0.21134869]
[-0.03475818 0.07993402 0.20552024]
[-0.03491871 0.07990986 0.20476027]
[-0.03311335 0.07567789 0.18905391]
[-0.02858414 0.06139166 0.1924572]
[-0.03326077 0.08009289 0.21134869]
[-0.03475818 0.07993402 0.20552024]
[-0.03491871 0.07990986 0.20476027]
[-0.03311335 0.07567789 0.18905391]
[-0.02858414 0.06139166 0.1924572]
[-0.03326077 0.08009289 0.21134869]
[-0.03475818 0.07993402 0.20552024]
[-0.03491871 0.07990986 0.20476027]
[-0.03311335 0.07567789 0.18905391]
[-0.02858414 0.06139166 0.1924572]
[-0.03326077 0.08009289 0.21134869]
[-0.03475818 0.07993402 0.20552024]
[-0.03491871 0.07990986 0.20476027]
[-0.03311335 0.07567789 0.18905391]
[-0.02858414 0.06139166 0.1924572]
[-0.03326077 0.08009289 0.21134869]
[-0.03475818 0.07993402 0.20552024]
[-0.03491871 0.07990986 0.20476027]
[-0.03311335 0.07567789 0.18905391]
[-0.02858414 0.06139166 0.1924572]
[-0.03326077 0.08009289 0.21134869]
[-0.03475818 0.07993402 0.20552024]
[-0.03491871 0.07990986 0.20476027]
[-0.03311335 0.07567789 0.18905391]
[-0.02858414 0.06139166 0.1924572]
[-0.03326077 0.08009289 0.21134869]
[-0.03475818 0.07993402 0.20552024]
[-0.03491871 0.07990986 0.20476027]
[-0.03311335 0.07567789 0.18905391]
[-0.02858414 0.06139166 0.1924572]
[-0.03326077 0.08009289 0.21134869]
[-0.03475818 0.07993402 0.20552024]
[-0.03491871 0.07990986 0.20476027]
[-0.03311335 0.07567789 0.18905391]
[-0.02858414 0.06139166 0.1924572]
[-0.03326077 0.08009289 0.21134869]
[-0.03475818 0.07993402 0.20552024]
[-0.03491871 0.07990986 0.20476027]
[-0.03311335 0.07567789 0.18905391]
[-0.02858414 0.06139166 0.1924572]
[-0.03326077 0.08009289 0.21134869]
[-0.03475818 0.07993402 0.20552024]
[-0.03491871 0.07990986 0.20476027]
[-0.03311335 0.07567789 0.18905391]
[-0.02858414 0.06139166 0.1924572]
[-0.03326077 0.08009289 0.21134869]
[-0.03475818 0.07993402 0.20552024]
[-0.03491871 0.07990986 0.20476027]
[-0.03311335 0.07567789 0.18905391]
[-0.02858414 0.06139166 0.1924572]
[-0.03326077 0.08009289 0.21134869]
[-0.03475818 0.07993402 0.20552024]
[-0.03491871 0.07990986 0.20476027]
[-0.03311335 0.07567789 0.18905391]
[-0.02858414 0.06139166 0.1924572]