[0.00669785 0.08599872 0.23077186]
[-0.01281863  0.05842713  0.22422239]
[0.00663677 0.08502576 0.2291812 ]
[-0.01263916  0.06052139  0.22103856]
[-0.02615016  0.06380118  0.21570078]
[0.007036   0.083865   0.22935002]
[-0.01207452  0.06073043  0.2207322 ]
[-0.02647243  0.06419958  0.21503616]
[0.00759915 0.0826204  0.23020452]
[-0.01171431  0.06028255  0.22144992]
[-0.0268795   0.06371321  0.21570945]
[0.00818857 0.08146846 0.23121262]
[-0.01192023  0.05969083  0.22219558]
[-0.0268795   0.06371321  0.21570945]
[0.0087541  0.08051464 0.23220613]
[-0.01287715  0.05913161  0.2226138 ]
[-0.0268795   0.06371321  0.21570945]
[0.00924784 0.07973423 0.23319787]
[0.00829664 0.10055758 0.17426182]
[-0.01467782  0.05884416  0.22248357]
[0.00866551 0.09891111 0.17572562]
[-0.0168158   0.05889369  0.22185201]
[-0.01638073  0.05886394  0.22201663]
[0.01027108 0.09821456 0.17604689]
[-0.01882578  0.05890853  0.22066706]
[-0.01638073  0.05886394  0.22201663]
[0.0092404  0.08023079 0.23384243]
[0.01220617 0.0974438  0.17553945]
[-0.02038926  0.05875777  0.21930639]
[0.0090248  0.08062109 0.23375968]
[0.01432033 0.09745837 0.17585114]
[-0.02282051  0.05926144  0.21682884]
[0.00897617 0.08067247 0.23397802]
[0.01643998 0.09785766 0.17691536]
[-0.0242921   0.05990828  0.21516448]
[0.01835812 0.09801946 0.17798506]
[-0.02418711  0.05949627  0.21474121]
[-0.02439518  0.0598925   0.21489281]
[0.00881657 0.08075561 0.23391865]
[0.01998799 0.09772738 0.17865626]
[-0.02402723  0.05869477  0.21434309]
[-0.03021394  0.06386916  0.20765568]
[0.00878181 0.08059416 0.23391673]
[0.02133361 0.09753109 0.17956757]
[-0.03045155  0.06413445  0.20653053]
[-0.03035203  0.06402497  0.20711747]
[0.00876837 0.08031971 0.23391544]
[0.02240556 0.09725698 0.18036263]
[-0.03041579  0.06402443  0.2060529 ]
[-0.03035203  0.06402497  0.20711747]
[0.00874898 0.07999768 0.23388596]
[0.02329206 0.09693652 0.18103101]
[-0.03024312  0.06363106  0.20596221]
[-0.03035203  0.06402497  0.20711747]
[0.00872988 0.07963301 0.23386214]
[0.02408934 0.09662504 0.18168714]
[-0.02346126  0.05732117  0.21332934]
[-0.03000304  0.06305572  0.20603155]
[0.0087095  0.07926479 0.23384015]
[-0.02806266  0.09729693  0.188236  ]
[0.02479803 0.09630185 0.18231527]
[-0.02977352  0.06243227  0.2060158 ]
[0.00869908 0.07886562 0.23381073]
[-0.02787724  0.09729418  0.18821818]
[0.02543229 0.09599445 0.18293514]
[-0.02325294  0.05675105  0.21269926]
[-0.02957602  0.06196806  0.20591132]
[0.00870315 0.07844284 0.23379553]
[-0.02772363  0.09748478  0.18816468]
[0.0259841  0.09571781 0.18358749]
[-0.02948121  0.06163489  0.20561531]
[-0.02957602  0.06196806  0.20591132]
[0.00873802 0.07791746 0.23381929]
[-0.02754451  0.09775118  0.18817869]
[0.02649767 0.09546555 0.1843348 ]
[-0.02948742  0.0615436   0.20525164]
[-0.02957602  0.06196806  0.20591132]
[0.0087995  0.07728086 0.23387552]
[-0.02736017  0.09800038  0.1883116 ]
[0.02697273 0.09521529 0.18515527]
[-0.02961092  0.06168907  0.20478869]
[0.00887349 0.07653979 0.23392988]
[-0.02722819  0.09808208  0.18854997]
[0.01124912 0.11274194 0.1939147 ]
[0.02742405 0.09497336 0.18604232]
[-0.02982406  0.06198395  0.20418206]
[0.00889951 0.07577978 0.23382169]
[-0.02714216  0.0980991   0.18879978]
[-0.01164869  0.11047692  0.18769231]
[0.01142474 0.1125094  0.19455021]
[0.02782168 0.09468014 0.18676986]
[-0.03013731  0.06233919  0.20340872]
[-0.0270224   0.09815784  0.18916208]
[-0.01131423  0.11065634  0.1880691 ]
[0.01155725 0.11241254 0.19533407]
[0.02821969 0.09444073 0.18760393]
[-0.0304103   0.06269667  0.2026535 ]
[-0.0303784   0.06266255  0.20278661]
[0.00890456 0.07410229 0.23353384]
[-0.02693762  0.09822397  0.18943536]
[-0.0110722   0.11101501  0.1883386 ]
[0.01165524 0.11242248 0.1961475 ]
[0.0286022  0.0942383  0.18838162]
[-0.03047047  0.06242448  0.20201905]
[-0.02682613  0.09833398  0.18983327]
[-0.01077709  0.11148789  0.18878638]
[0.01179896 0.11244425 0.19708732]
[0.02899499 0.09407211 0.18932759]
[-0.03037182  0.06231597  0.20128502]
[-0.03043802  0.06244711  0.20170158]
[0.00885241 0.07260699 0.23325232]
[-0.0267888   0.09838139  0.19003396]
[0.01189272 0.11246481 0.19781471]
[0.02933036 0.09394852 0.19006662]
[-0.03027429  0.06195919  0.2006131 ]
[-0.03033792  0.06213427  0.20099818]
[-0.02673071  0.09844745  0.19026386]
[0.01199826 0.11245352 0.19836269]
[0.02954738 0.09384054 0.19069034]
[-0.03017635  0.06185904  0.20001061]
[-0.03019191  0.06186485  0.20012712]
[-0.03033792  0.06213427  0.20099818]
[0.00872986 0.07187279 0.23315234]
[-0.02672146  0.09853105  0.19031477]
[0.01203166 0.11245989 0.19859319]
[0.02962664 0.09375598 0.19098727]
[-0.0301471   0.06191461  0.19939756]
[-0.03033792  0.06213427  0.20099818]
[0.00864077 0.07176803 0.23313242]
[-0.02675219  0.09861546  0.19031366]
[0.01201042 0.11247905 0.19869225]
[0.02959927 0.0936956  0.19113213]
[-0.03018418  0.06208019  0.19890613]
[-0.03033792  0.06213427  0.20099818]
[0.00854436 0.07175374 0.23312547]
[-0.02679531  0.09868192  0.19023757]
[0.01196888 0.11251983 0.19872023]
[0.02954614 0.09366502 0.19119758]
[-0.03025666  0.06229187  0.19851728]
[-0.03033792  0.06213427  0.20099818]
[0.00844583 0.07178319 0.23311544]
[-0.02681536  0.09871771  0.19008008]
[0.01195101 0.11256732 0.19872019]
[0.02951559 0.09366457 0.19122169]
[-0.03032233  0.06249087  0.19820531]
[-0.03033792  0.06213427  0.20099818]
[0.00835067 0.07182264 0.23309447]
[-0.02679979  0.09873107  0.18985626]
[0.01194843 0.11262681 0.19871713]
[0.02952145 0.09368415 0.19122665]
[-0.03035853  0.06263468  0.19796651]
[-0.03033792  0.06213427  0.20099818]
[0.00826331 0.07185062 0.2330651 ]
[-0.02676117  0.09874129  0.18960577]
[0.01195138 0.11268254 0.19871259]
[0.02954238 0.09370741 0.19122249]
[-0.03037045  0.06270739  0.19779357]
[-0.03033792  0.06213427  0.20099818]
[0.00818606 0.07185924 0.23303574]
[-0.02671156  0.09875859  0.18935791]
[0.01195048 0.1127239  0.19870472]
[0.029557   0.09372452 0.19121188]
[-0.03036952  0.0627323   0.19765995]
[-0.03033792  0.06213427  0.20099818]
[0.00811847 0.07184993 0.23301351]
[-0.02665399  0.0987825   0.18912256]
[0.01194388 0.11275162 0.19869512]
[0.029559   0.09373351 0.19119554]
[-0.030364    0.06274044  0.19755031]
[-0.03036499  0.06273896  0.19757048]
[-0.03033792  0.06213427  0.20099818]
[0.00805791 0.07183145 0.23300181]
[-0.02658577  0.09881612  0.18889798]
[0.01193587 0.1127692  0.19868208]
[0.02955115 0.0937356  0.19117271]
[-0.03036018  0.06275365  0.19746149]
[-0.03033792  0.06213427  0.20099818]
[0.00800054 0.07181471 0.23299755]
[-0.02651285  0.09884426  0.18867486]
[0.01193275 0.11277923 0.19865704]
[0.02954218 0.09373482 0.19114516]
[-0.03035933  0.06276741  0.19739329]
[-0.03033792  0.06213427  0.20099818]
[0.00794315 0.0718092  0.23299653]
[-0.02643672  0.09886687  0.18844742]
[0.01193977 0.11278518 0.19861789]
[0.02954016 0.09373541 0.19111599]
[-0.03035959  0.06276577  0.19734719]
[-0.03033792  0.06213427  0.20099818]
[0.00788526 0.07182139 0.23299848]
[-0.0263603   0.09888387  0.18821813]
[0.01195752 0.11278684 0.19856691]
[0.02954706 0.09373822 0.19108713]
[-0.03035698  0.06274238  0.19731912]
[-0.03033792  0.06213427  0.20099818]
[0.00782803 0.07185888 0.23300781]
[-0.02628501  0.09889489  0.18799286]
[0.01198501 0.11277811 0.19849675]
[0.02955816 0.09374117 0.19105798]
[-0.03034347  0.06270218  0.197288  ]
[-0.03033792  0.06213427  0.20099818]
[0.00777277 0.07192367 0.23303132]
[-0.0261482   0.09909952  0.18796476]
[0.01202307 0.11275548 0.19840593]
[0.02957112 0.09374444 0.19102829]
[-0.03031636  0.0626537   0.19723746]
[-0.03033792  0.06213427  0.20099818]
[0.0077215  0.07201398 0.23307467]
[-0.02601662  0.09928865  0.18796447]
[0.01207105 0.11272439 0.19831056]
[0.02958191 0.09374719 0.19100289]
[-0.03027547  0.0626039   0.19716508]
[-0.03033792  0.06213427  0.20099818]
[0.00767528 0.07212678 0.23314259]
[-0.02591695  0.09938998  0.18794011]
[0.01212944 0.11269377 0.1982258 ]
[0.02959272 0.09375147 0.19098558]
[-0.03022309  0.06255303  0.19708246]
[-0.03033792  0.06213427  0.20099818]
[0.00763247 0.07226636 0.23323044]
[-0.02585082  0.09940699  0.1878831 ]
[0.01219522 0.11267421 0.19814997]
[0.02961006 0.09376038 0.19097539]
[-0.03016151  0.06249211  0.19700481]
[-0.03033792  0.06213427  0.20099818]
[0.00758992 0.07243892 0.23332697]
[-0.02581736  0.09935997  0.18778954]
[0.01225764 0.11266608 0.19805902]
[0.02963711 0.09377415 0.19096972]
[-0.03009701  0.06240496  0.19694146]
[-0.03033792  0.06213427  0.20099818]
[0.00754614 0.07264321 0.233424  ]
[-0.02582432  0.09926905  0.1876702 ]
[0.01229548 0.1126671  0.19794095]
[0.02966527 0.09379018 0.19096821]
[-0.03004089  0.06229032  0.19689309]
[-0.03033792  0.06213427  0.20099818]
[0.00750074 0.07287223 0.23351808]
[-0.025871    0.09914304  0.1875335 ]
[0.01230085 0.11267883 0.19779536]
[0.02969046 0.09380826 0.19097109]
[-0.02999518  0.06216626  0.19685213]
[-0.03033792  0.06213427  0.20099818]
[0.00745405 0.07311798 0.23360853]
[-0.02594527  0.09898719  0.18738264]
[0.01227914 0.11270405 0.19762598]
[0.02971739 0.09382963 0.19097802]
[-0.02995286  0.06204732  0.19681155]
[-0.03033792  0.06213427  0.20099818]
[0.00740682 0.07337357 0.233695  ]
[-0.02603318  0.09880648  0.18721949]
[0.01224106 0.11274096 0.19743478]
[0.02975303 0.09385445 0.19098868]
[-0.02990599  0.06193839  0.19676878]
[-0.03033792  0.06213427  0.20099818]
[0.00735987 0.07363365 0.2337769 ]
[-0.026125    0.09860544  0.1870465 ]
[0.01219454 0.11278614 0.19722375]
[0.02980116 0.09388203 0.1910026 ]
[-0.02984953  0.06183724  0.19672644]
[-0.03033792  0.06213427  0.20099818]
[0.0073137  0.07389463 0.23385357]
[-0.0261736   0.09854339  0.18700056]
[0.01214234 0.11283757 0.19699365]
[0.02986204 0.09391153 0.19101891]
[-0.0297828   0.06173594  0.19669183]
[-0.03033792  0.06213427  0.20099818]
[0.00726854 0.074155   0.23392512]
[-0.02621288  0.09849934  0.18697329]
[0.01208559 0.11289217 0.19674553]
[0.02993358 0.09394238 0.19103585]
[-0.02970824  0.0616322   0.19667193]
[-0.03033792  0.06213427  0.20099818]
[0.00722475 0.07441452 0.23399351]
[-0.02624754  0.098454    0.18694554]
[0.01202543 0.11294541 0.19648335]
[0.03001164 0.09397362 0.19105104]
[-0.02963257  0.06153775  0.19667247]
[-0.03033792  0.06213427  0.20099818]
[0.00718255 0.07467563 0.23406228]
[-0.02627633  0.09840792  0.18691523]
[0.01196742 0.11290947 0.19616806]
[0.03009139 0.09400353 0.19106191]
[-0.02956479  0.06147121  0.19669842]
[-0.03033792  0.06213427  0.20099818]
[0.00714291 0.07493164 0.23413347]
[-0.02629879  0.0983642   0.18688564]
[0.01190995 0.11290394 0.1958742 ]
[0.03017035 0.09403145 0.19107191]
[-0.02951041  0.06143175  0.19676011]
[-0.03033792  0.06213427  0.20099818]
[0.00709937 0.07519953 0.234183  ]
[-0.02632843  0.09831172  0.1868272 ]
[0.01183771 0.11288228 0.1955374 ]
[0.03023192 0.09407581 0.19104066]
[-0.02947389  0.06141207  0.19683673]
[-0.03033792  0.06213427  0.20099818]
[0.00705274 0.07547613 0.23420933]
[-0.02637463  0.09824724  0.18674777]
[0.01174444 0.11282717 0.1951507 ]
[0.03026757 0.09414371 0.19097248]
[-0.02945678  0.06139537  0.19692071]
[-0.03033792  0.06213427  0.20099818]
[0.00701678 0.0757206  0.23426018]
[-0.02640135  0.09819802  0.18670587]
[0.01168204 0.11282885 0.19486721]
[0.03031722 0.09419302 0.19094865]
[-0.02943978  0.06137616  0.19703576]
[-0.03033792  0.06213427  0.20099818]
[-0.02641245  0.09814834  0.18666816]
[0.01165489 0.11282572 0.19460506]
[0.03036509 0.09421323 0.19090142]
[-0.02942359  0.0613681   0.19715984]
[-0.02942876  0.06137028  0.19711232]
[-0.03033792  0.06213427  0.20099818]
[0.00694976 0.07619179 0.23433302]
[-0.02644195  0.09809586  0.18661022]
[0.01160787 0.11277694 0.19427164]
[0.03035519 0.09421341 0.19074046]
[-0.02942452  0.0613597   0.19726358]
[-0.03033792  0.06213427  0.20099818]
[0.00692281 0.07640191 0.2343756 ]
[-0.02646193  0.09804945  0.18658298]
[0.01158344 0.11272632 0.19400061]
[0.03036865 0.094211   0.19064857]
[-0.02943237  0.06136936  0.19738728]
[-0.03033792  0.06213427  0.20099818]
[-0.0264917   0.09800047  0.18655519]
[0.03036493 0.09419259 0.19052314]
[-0.02945492  0.06140845  0.19748087]
[-0.02944757  0.06139877  0.19746838]
[-0.02943237  0.06136936  0.19738728]
[-0.03033792  0.06213427  0.20099818]
[0.00686544 0.07680907 0.2344063 ]
[-0.02655115  0.09793951  0.18652526]
[0.01151107 0.11264498 0.19345091]
[0.03033095 0.09417092 0.19036599]
[-0.02950208  0.06146267  0.19754692]
[-0.03033792  0.06213427  0.20099818]
[0.00684603 0.07697078 0.23444088]
[-0.02658531  0.09788976  0.1865154 ]
[0.01149372 0.11261936 0.19325232]
[0.03034674 0.0941541  0.19031291]
[-0.02954339  0.06152902  0.19763783]
[-0.03033792  0.06213427  0.20099818]
[0.00682816 0.07712361 0.23446218]
[-0.02662926  0.09782596  0.18649574]
[0.01147846 0.11259138 0.19306902]
[0.03035112 0.09411992 0.1902416 ]
[-0.02959091  0.06161415  0.19768503]
[-0.03033792  0.06213427  0.20099818]
[-0.02669044  0.09775992  0.18648513]
[0.01144204 0.1125681  0.19290466]
[0.03033697 0.09408541 0.1901765 ]
[-0.02965581  0.06170346  0.19772251]
[-0.02963003  0.06166698  0.19770781]
[-0.03033792  0.06213427  0.20099818]
[0.0067973  0.07738028 0.2344871 ]
[-0.02675497  0.09768339  0.18647486]
[0.01141145 0.11253619 0.19276089]
[0.03034574 0.09404947 0.19015125]
[-0.0297251   0.061806    0.19773113]
[-0.03033792  0.06213427  0.20099818]
[-0.02682897  0.09759622  0.18647082]
[0.01136781 0.11250509 0.19264781]
[0.03035166 0.09401314 0.19015041]
[-0.02979928  0.06190788  0.19773779]
[-0.02977012  0.06186719  0.19773605]
[-0.03033792  0.06213427  0.20099818]
[-0.02690577  0.09750135  0.18646609]
[0.01132354 0.11247377 0.19255871]
[0.03036042 0.09397322 0.19015969]
[-0.02987219  0.06201387  0.19772354]
[-0.02984319  0.06197204  0.19772883]
[-0.03033792  0.06213427  0.20099818]
[-0.02698478  0.09740354  0.18646363]
[0.01127472 0.11245048 0.19249937]
[0.03036246 0.09393286 0.19017115]
[-0.02994369  0.06211955  0.19769962]
[-0.02992962  0.06209886  0.19770217]
[-0.03033792  0.06213427  0.20099818]
[0.00676328 0.0776832  0.23451552]
[-0.02704826  0.09731794  0.18645471]
[0.01123828 0.11243324 0.19246088]
[0.0303701  0.09389415 0.19018202]
[-0.03000439  0.06222916  0.19766242]
[-0.03033792  0.06213427  0.20099818]
[0.0067599  0.07772019 0.23452024]
[-0.02708898  0.09726193  0.18644807]
[0.01121521 0.11242571 0.1924434 ]
[0.03037894 0.09386048 0.19018917]
[-0.03005171  0.06233203  0.19762706]
[-0.03033792  0.06213427  0.20099818]
[0.00675814 0.07774402 0.2345219 ]
[-0.02711214  0.09723065  0.18644585]
[0.01120429 0.11242161 0.19243453]
[0.03039287 0.09383122 0.19019456]
[-0.03008813  0.06241251  0.19759339]
[-0.03033792  0.06213427  0.20099818]
[0.00675749 0.07775745 0.23451879]
[-0.02712326  0.09721439  0.18644519]
[0.0112027  0.11241749 0.19242843]
[0.03041122 0.09380578 0.19019858]
[-0.03011564  0.06247205  0.19755869]
[-0.03033792  0.06213427  0.20099818]
[0.00675851 0.07775963 0.2345149 ]
[-0.02712945  0.09720743  0.18644844]
[-0.00150284  0.10045916  0.22863923]
[0.01120115 0.11241487 0.19242742]
[0.030422   0.09378478 0.19019996]
[-0.03014027  0.06251787  0.1975273 ]
[0.00676187 0.07775025 0.23451394]
[-0.02712905  0.09721031  0.18645324]
[-0.00151006  0.10049201  0.22858879]
[0.01119917 0.11241058 0.19243097]
[0.03042502 0.09376519 0.19020043]
[-0.03016431  0.06255813  0.19749603]
[0.00676609 0.07773399 0.23451267]
[-0.02712703  0.09721557  0.18645838]
[-0.00150455  0.10047856  0.22859871]
[0.01119616 0.11240373 0.19243492]
[0.03042166 0.09374793 0.19019949]
[-0.03019056  0.06259995  0.19746094]
[0.00677004 0.07771335 0.23451039]
[-0.02712671  0.09721956  0.18646505]
[-0.00149688  0.10044275  0.22863585]
[0.0111888  0.11239712 0.19243866]
[0.03041158 0.09373417 0.1901973 ]
[-0.03021867  0.06264124  0.1974257 ]
[-0.03280911  0.0771727   0.18744674]
[0.00677346 0.07769006 0.23450765]
[-0.02712587  0.09722335  0.18647171]
[-0.00148926  0.10039884  0.22868147]
[0.01117879 0.11239043 0.19244212]
[0.03039805 0.09372334 0.19019477]
[-0.03024383  0.06267567  0.19739495]
[-0.03279881  0.07722437  0.18742958]
[0.00677655 0.0776657  0.23450396]
[-0.02712435  0.09722763  0.18647635]
[-0.00148159  0.10035412  0.22872637]
[0.01116908 0.11238132 0.19244479]
[0.03038328 0.09371438 0.19019214]
[-0.03026688  0.06270727  0.19736487]
[-0.03278908  0.07727171  0.18741259]
[0.00677933 0.07764076 0.23449961]
[-0.02712342  0.09723142  0.18647997]
[-0.0014752   0.10031148  0.22876782]
[0.01115889 0.11237104 0.19244707]
[0.03036715 0.09370697 0.19018948]
[-0.03028949  0.06274011  0.19733375]
[-0.03277863  0.07731908  0.18739549]
[0.00678172 0.07761541 0.23449516]
[-0.02712311  0.09723398  0.18648368]
[0.01114799 0.11236105 0.19244949]
[0.0303502  0.09370053 0.19018689]
[-0.03031214  0.06277662  0.19730099]
[-0.03276702  0.07736681  0.18737965]
[-0.03277404  0.07733823  0.18738886]
[0.00678366 0.07758955 0.23449131]
[-0.02712253  0.09723543  0.18648819]
[0.01113666 0.1123515  0.19245246]
[0.03033274 0.09369447 0.19018436]
[-0.03033437  0.06281596  0.19726765]
[-0.03275528  0.07741162  0.18736681]
[-0.03277404  0.07733823  0.18738886]
[0.00678567 0.07756255 0.23448818]
[-0.0271217   0.09723718  0.18649212]
[-0.00146202  0.1002518   0.22881254]
[0.011126   0.11234117 0.19245557]
[0.03031543 0.09368801 0.19018272]
[-0.03035579  0.06286101  0.19723087]
[-0.03274004  0.07745888  0.18735437]
[0.006788   0.07753358 0.23448629]
[-0.02712081  0.09723864  0.18649607]
[0.01111653 0.11233054 0.19245869]
[0.03029814 0.09368068 0.19018184]
[-0.03037744  0.06291409  0.19718913]
[-0.03271979  0.0775134   0.18734114]
[-0.03273249  0.07747982  0.18734909]
[0.00679051 0.07750192 0.23448619]
[-0.02711731  0.09724022  0.18650111]
[0.01110787 0.11232061 0.19246227]
[0.03028068 0.09367244 0.19018078]
[-0.0303985   0.06297298  0.1971436 ]
[-0.03269508  0.07757291  0.18732731]
[0.00679325 0.07746751 0.23448749]
[-0.02711111  0.09724317  0.18650676]
[0.01110014 0.1123097  0.19246665]
[0.03026298 0.09366317 0.1901801 ]
[-0.03041642  0.06303425  0.19709473]
[-0.03266549  0.07763373  0.18731137]
[0.00679636 0.07742975 0.23448981]
[-0.02710267  0.0972476   0.18651304]
[0.01109305 0.11229716 0.19247204]
[0.03024469 0.09365269 0.19018006]
[-0.03043237  0.06309855  0.197042  ]
[-0.03263121  0.0776977   0.18729281]
[0.00679878 0.07739062 0.23448799]
[-0.02709378  0.09725273  0.18651922]
[0.01108558 0.11228317 0.19247606]
[0.03022877 0.09364226 0.1901808 ]
[-0.03045025  0.06317083  0.19698111]
[-0.03259256  0.07776809  0.18727106]
[0.00680123 0.0773464  0.23448449]
[-0.02708612  0.09725809  0.18652761]
[0.01107611 0.11226892 0.1924813 ]
[0.0302105  0.09363176 0.1901826 ]
[-0.03047433  0.06324592  0.19692337]
[-0.03255978  0.07784266  0.18725156]
[0.00680283 0.07729681 0.23447568]
[-0.02708011  0.09726394  0.18653507]
[0.01106553 0.11225853 0.1924856 ]
[0.03019421 0.09362276 0.19018654]
[-0.03050284  0.0633165   0.19687603]
[-0.03253971  0.07791224  0.18723494]
[0.00680543 0.07723799 0.23446818]
[-0.02707595  0.09727036  0.1865445 ]
[0.01105203 0.11225031 0.1924922 ]
[0.0301737  0.09361242 0.19019159]
[-0.03053381  0.0633851   0.19684349]
[-0.03253009  0.07798136  0.18722453]
[0.0068094  0.07717045 0.23446342]
[-0.02707216  0.09727738  0.18655608]
[0.01103644 0.11224204 0.19250152]
[0.03014931 0.09359974 0.19019707]
[-0.03056591  0.06344973  0.19682494]
[-0.03253003  0.07804683  0.18722077]
[0.00681393 0.07709662 0.23445828]
[-0.02706873  0.09728469  0.18656832]
[0.01101844 0.112234   0.19251186]
[0.03012348 0.09358608 0.19020258]
[-0.03060091  0.06350908  0.19682045]
[-0.03254317  0.07810332  0.18722569]
[0.00681853 0.077018   0.23445123]
[-0.02706587  0.09729225  0.18658013]
[0.01099738 0.11222656 0.19252196]
[0.03009656 0.09357222 0.19020734]
[-0.03063963  0.06356389  0.19682818]
[-0.03256991  0.07814956  0.18723933]
[0.00682294 0.07693542 0.23444172]
[-0.02706371  0.0973002   0.18659138]
[0.01097293 0.11222032 0.19253165]
[0.03006863 0.09355871 0.19021132]
[-0.03067994  0.06361526  0.1968415 ]
[-0.0326053   0.07818613  0.18725685]
[0.00682708 0.07684968 0.23442983]
[-0.02706187  0.09730867  0.18660171]
[0.01094557 0.11221514 0.19254074]
[0.03003987 0.09354556 0.19021454]
[-0.03072048  0.06366036  0.19685851]
[-0.03264782  0.07821153  0.18727484]
[0.00683101 0.07676151 0.23441607]
[-0.02705982  0.09731779  0.18661089]
[0.0109163  0.11221053 0.19254903]
[0.03001038 0.09353267 0.19021697]
[-0.03076058  0.06369852  0.19687828]
[-0.03269617  0.07822601  0.18729222]
[0.00683477 0.07667144 0.23440127]
[-0.02705718  0.09732731  0.18661921]
[0.01088637 0.11220592 0.19255662]
[0.02998006 0.09351996 0.19021866]
[-0.03079884  0.06373254  0.19689778]
[-0.03274663  0.07823158  0.1873084 ]
[0.00683826 0.07657988 0.23438584]
[-0.02705364  0.09733692  0.18662715]
[0.01085677 0.11220129 0.19256389]
[0.02994932 0.09350742 0.1902198 ]
[-0.03083193  0.06376449  0.19691026]
[-0.03279302  0.07822871  0.18731923]
[0.0068414  0.07648765 0.23437011]
[-0.02704876  0.09734666  0.18663463]
[0.01082848 0.11219651 0.19257098]
[0.0299189  0.09349503 0.19022057]
[-0.03085804  0.06379523  0.1969117 ]
[-0.0328314   0.07821873  0.18732186]
[0.00684424 0.07639624 0.23435467]
[-0.02704189  0.09735711  0.18664054]
[0.01080225 0.11219071 0.19257733]
[0.02988913 0.09348261 0.19022079]
[-0.03087785  0.06383151  0.19689439]
[-0.0328378   0.07821625  0.18732132]
[0.00684702 0.07630661 0.23434081]
[-0.02703218  0.09736839  0.18664465]
[0.01077966 0.11218283 0.19258283]
[0.0298599  0.09346977 0.19022032]
[-0.03089462  0.06388613  0.19684704]
[-0.0328378   0.07821625  0.18732132]
[0.0068493  0.07621888 0.23432783]
[-0.02701921  0.09738034  0.18664641]
[0.01076171 0.11217532 0.19258903]
[0.02983329 0.09345708 0.19022015]
[-0.03091006  0.06394789  0.19678251]
[-0.0328378   0.07821625  0.18732132]
[0.0068507  0.0761337  0.23431435]
[-0.02700303  0.09739398  0.18664329]
[0.01074731 0.11216993 0.19259619]
[0.02981073 0.09344507 0.19022072]
[-0.03092513  0.06400805  0.19671018]
[-0.0328378   0.07821625  0.18732132]
[0.00685151 0.07605104 0.23430048]
[-0.02698571  0.0974074   0.18663678]
[0.01073483 0.1121654  0.19260372]
[0.02979107 0.09343343 0.19022196]
[-0.03094032  0.06406257  0.1966363 ]
[-0.0328378   0.07821625  0.18732132]
[0.00685148 0.0759714  0.23428578]
[-0.02696785  0.09741958  0.18662524]
[0.0107237  0.11216284 0.19261132]
[0.02977369 0.09342291 0.19022338]
[-0.03095537  0.06410947  0.19656388]
[-0.0328378   0.07821625  0.18732132]
[0.00685025 0.07589591 0.23426966]
[-0.02694904  0.09743145  0.18660488]
[0.01071328 0.11216328 0.19261838]
[0.02975854 0.09341421 0.19022452]
[-0.03096934  0.0641488   0.19649332]
[-0.0328378   0.07821625  0.18732132]
[0.00684779 0.0758252  0.23425262]
[-0.02692893  0.09744345  0.18657503]
[0.01070388 0.11216605 0.19262439]
[0.02974504 0.09340733 0.19022506]
[-0.03098116  0.06418167  0.19642448]
[-0.0328378   0.07821625  0.18732132]
[0.0068442  0.0757597  0.23423558]
[-0.02690731  0.09745564  0.18653734]
[0.01069654 0.11216976 0.19262906]
[0.02973253 0.09340197 0.19022482]
[-0.03099016  0.06420929  0.19635744]
[-0.0328378   0.07821625  0.18732132]
[0.0068396  0.07569991 0.23421953]
[-0.02688402  0.097468    0.18649331]
[0.0106923  0.11217294 0.19263225]
[0.02972055 0.09339785 0.19022372]
[-0.03099684  0.06423263  0.19629357]
[-0.0328378   0.07821625  0.18732132]
[0.00683412 0.07564631 0.23420536]
[-0.02685903  0.09748052  0.18644424]
[0.01069125 0.11217485 0.19263408]
[0.02970884 0.09339465 0.1902218 ]
[-0.03100133  0.06425218  0.19623325]
[-0.0328378   0.07821625  0.18732132]
[0.00682788 0.07559942 0.23419365]
[-0.02683233  0.09749305  0.18639112]
[0.01069258 0.1121759  0.1926349 ]
[0.02969776 0.09339226 0.19021923]
[-0.03100353  0.06426866  0.19617606]
[-0.0328378   0.07821625  0.18732132]
[0.00682092 0.07555982 0.23418463]
[-0.02680434  0.09750503  0.18633468]
[0.01069455 0.11217729 0.19263522]
[0.02968785 0.09339061 0.19021627]
[-0.0310042   0.06428274  0.19612346]
[-0.0328378   0.07821625  0.18732132]
[0.00681332 0.07552784 0.23417842]
[-0.02677561  0.09751629  0.18627603]
[0.01069648 0.11217913 0.19263528]
[0.0296792  0.09338962 0.19021316]
[-0.03100491  0.06429502  0.1960797 ]
[-0.0328378   0.07821625  0.18732132]
[0.0068053  0.07550373 0.2341753 ]
[-0.02674688  0.0975269   0.18621677]
[0.01069766 0.112181   0.19263516]
[0.02967144 0.09338918 0.19021002]
[-0.03100664  0.0643063   0.19604701]
[-0.0328378   0.07821625  0.18732132]
[0.0067968  0.07548792 0.23417491]
[-0.02671871  0.09753631  0.18615711]
[0.01069773 0.11218353 0.19263496]
[0.02966494 0.09338941 0.19020692]
[-0.03101011  0.0643149   0.1960267 ]
[-0.0328378   0.07821625  0.18732132]
[0.00678747 0.07548062 0.23417578]
[-0.02669152  0.09754392  0.18609573]
[0.01069724 0.11218824 0.19263526]
[0.0296614  0.09339113 0.19020431]
[-0.03101438  0.06431548  0.19601854]
[-0.0328378   0.07821625  0.18732132]
[0.00677711 0.07548209 0.23417696]
[-0.02666577  0.0975496   0.18603186]
[0.01069685 0.1121963  0.1926353 ]
[0.02966145 0.09339526 0.1902019 ]
[-0.03101753  0.06430874  0.19601938]
[-0.0328378   0.07821625  0.18732132]
[0.00676592 0.07549232 0.23417929]
[-0.02664187  0.09755328  0.18596687]
[0.01069732 0.11220852 0.1926334 ]
[0.02966417 0.09340147 0.19019893]
[-0.03101684  0.06429662  0.19602678]
[-0.0328378   0.07821625  0.18732132]
[0.0067542  0.07551124 0.23418364]
[-0.02662003  0.09755476  0.18590292]
[0.01069955 0.1122249  0.19262904]
[0.02966979 0.09340937 0.1901955 ]
[-0.03101177  0.06427848  0.19604093]
[-0.0328378   0.07821625  0.18732132]
[0.00674235 0.07553795 0.23419093]
[-0.02660054  0.09755392  0.18584311]
[0.01070381 0.11224499 0.19262265]
[0.02967835 0.09341852 0.19019219]
[-0.03100202  0.06425508  0.19606152]
[-0.0328378   0.07821625  0.18732132]
[0.00673063 0.07557131 0.2342014 ]
[-0.02658054  0.09756445  0.18580099]
[0.01070988 0.11226781 0.19261528]
[0.02968968 0.09342861 0.19018961]
[-0.03098883  0.06422539  0.19608932]
[-0.0328378   0.07821625  0.18732132]
