len:19
[0.04111130677149657, -0.18529141491865198, 0.19051271488954202]
[-0.007486531587909907, -0.25381606453240924, 0.18775292579883396]
[0.032136229342821884, -0.2391576376143442, 0.18772767095654963]
[0.03579262926880173, -0.22804280988229317, 0.1889098758755407]
[-0.037162875285119336, -0.23714939212114822, 0.18870325242689137]
[-0.024850838890495275, -0.24804063289336115, 0.1877331137114654]
[0.033243429576549494, -0.1608822130272605, 0.18716139791941533]
[0.005203166842220448, -0.14811818805291843, 0.18553056964216696]
[0.0161703707645005, -0.14241039462724042, 0.18660729370752413]
[-0.011417770374141337, -0.14937052113743046, 0.1869711223444571]
[-0.03746374282876763, -0.23441152825520983, 0.18846885663403717]
[-0.02920300728763123, -0.23554514358154718, 0.1889302052339945]
[-0.03404011344835993, -0.15735533368903631, 0.18716398876069146]
[-0.030688437352150766, -0.1419730303391477, 0.18481916343110022]
[0.03304832971784213, -0.2409280884399297, 0.18984919329082234]
[0.036825446849072685, -0.23951301577672302, 0.19329492905208823]
[0.05076990740415786, -0.21880004476460327, 0.1931731863139354]
[0.05931541506237065, -0.21387269250326346, 0.1898295297267567]
[0.05916810359070563, -0.20844440535133363, 0.19244270035822003]
