5.962460041046143 -0.22303539514541626 3.714493989944458 0.783293346563975 -0.14400300414611894 0.5083221147457758
6.618359088897705 -0.005236822180449963 1.092887043952942 0.7093907839142908 -0.1716439088032994 -0.11056649684906006
5.743826866149902 0.6500856280326843 3.9327199459075928 0.7697061896324158 0.33149479888379574 0.40533720254898076
-1.2454999685287476 -0.4414748549461365 6.990780830383301 -0.39615809420744574 -0.2585750122865041 0.548472057520789
-1.2454999685287476 0.43164512515068054 6.990780830383301 -0.35125987976789474 0.21847633123397828 0.5327246785163879
-1.2454999685287476 -0.4414753019809723 4.150370121002197 -0.8031925410032272 -0.07548770308494568 -0.3444072673175915
-1.2454999685287476 -1.7527601718902588 5.460885524749756 -0.3926166469852129 -0.6622235377629597 -0.002091261236104221
6.399725914001465 0.8685252070426941 1.0928869247436523 0.28194017013338657 0.42392311874422717 -0.42702068814209526
5.088697910308838 -1.3152378797531128 1.092887282371521 0.03205736675454502 -0.44869406850032434 -0.7021278526101793
3.777669906616211 0.21320417523384094 1.092887043952942 -0.2599674055557524 0.15299595606746644 -0.8930133879184723
2.686044931411743 1.305406928062439 5.679111003875732 0.25290738977491856 0.7620953559875489 0.4637931823730469
3.777669906616211 0.4316449463367462 5.897914886474609 0.5273672789335251 0.30372294255842763 0.7097286184628804
5.307331085205078 1.086966633796692 3.9327197074890137 0.4508246868848801 0.7658700704574586 0.3269996643066406
4.652202129364014 1.5241683721542358 1.9669477939605713 0.011913007657442774 0.9233052134513855 -0.14538386038371495
2.0316851139068604 0.21320509910583496 6.771399021148682 0.23562896810472012 0.11628418043255806 0.8800620138645172
-0.5896009802818298 1.3054068088531494 5.023853778839111 -0.2192489206790924 0.929455041885376 -0.07707462646067142
-0.8082330226898193 1.0869667530059814 4.586822986602783 -0.4652982294559479 0.7376431345939637 -0.3635152131319046
3.996303081512451 -0.8783568143844604 1.0928871631622314 -0.3239963398323429 -0.3164839595556259 -0.8018788695335388
-1.2454999685287476 1.08696711063385 6.553173065185547 -0.554757452259461 0.4911620219548543 0.10731243217984834
-1.0268659591674805 -1.5336782932281494 4.586823463439941 -0.4226679235696793 -0.6426495611667633 -0.4929837226867676
0.06552799791097641 -1.0967968702316284 6.771399021148682 0.050442181527614594 -0.4685073271393776 0.8222892582416534
2.9039080142974854 -1.5336780548095703 5.897915363311768 0.2901565382877985 -0.577383389075597 0.6798521478970845
5.52596378326416 -1.533678650856018 1.9669482707977295 0.4380819030726949 -0.7969024479389191 -0.03746644655863444
5.962460041046143 -0.6599164605140686 3.277462959289551 0.7667529881000519 -0.5058404877781868 0.279552336782217
4.433568954467773 1.0869662761688232 1.3116909265518188 -0.2461740128695965 0.6030724406242371 -0.6837139308452607
2.9039080142974854 -1.7527601718902588 5.460885524749756 0.1524173409367601 -0.933588941891988 0.163755232366249
4.214935779571533 -1.3152371644973755 5.023853778839111 0.550316388408343 -0.6206213533878326 0.4691242575645447
0.06552799791097641 -1.7527600526809692 6.116142272949219 -0.06534982919692993 -0.8003650307655334 0.4913394814995826
-1.2454999685287476 0.4316447079181671 4.368597030639648 -0.6433564126491547 0.36974887847900395 -0.4881773948669434
3.777669906616211 -0.4414750337600708 5.897914886474609 0.5468836724758148 -0.20541970729827883 0.7734237790107727
1.5951889753341675 1.305406928062439 6.1161417961120605 0.07218498022605975 0.7760308086872101 0.44233647609750426
4.870065212249756 -1.5336787700653076 1.5299181938171387 -0.032990711554884915 -0.9312548518180848 -0.2500752881169319
-1.2462689876556396 -1.5342131853103638 5.242786407470703 0.4384009122848511 -0.6969099044799805 -0.20984373213550356
-5.3969597816467285 -1.534213900566101 1.0923092365264893 0.1797899305820465 -0.5508171932285155 -0.5815570652484894
-4.522342205047607 -1.3156657218933105 1.3113702535629272 0.44195473194122314 -0.6095142960548401 -0.5663249045610428
-1.2462689876556396 -1.5342130661010742 6.116805553436279 0.43711232663028765 -0.43741082151730853 0.22982986588141566
-1.2462689876556396 -0.660322368144989 4.150262832641602 0.7863416927201407 -0.15373901171343665 -0.4072385252214801
-1.2462689876556396 1.3057068586349487 4.805777072906494 0.49619730561971664 0.5434260293841362 -0.18467852193000134
-1.4649239778518677 0.8686121106147766 6.7723188400268555 0.02291492968797684 0.39475288689136506 0.6779572188854218
-4.0861029624938965 0.6500639319419861 5.679794788360596 -0.49969840546449024 0.3873849231749773 0.6952595214049021
-2.339005947113037 -0.4417749047279358 6.7723188400268555 -0.26041711441108156 -0.2136129635785307 0.8546760082244873
-5.615078926086426 1.3057063817977905 2.403892755508423 -0.209954172372818 0.945298182964325 -0.031638818844226084
-4.0861029624938965 1.3057068586349487 4.805777072906494 -0.2631509857518332 0.8563749194145203 0.24361973044744087
-6.2705078125 0.43181556463241577 3.4964170455932617 -0.7685626830373491 0.21533099721585 0.4229440284626824
-6.707817077636719 0.2132682055234909 1.3113700151443481 -0.6842523932456971 0.19367468804121019 -0.3082453772425652
-5.8331990242004395 -1.534213900566101 1.0923092365264893 -0.20329272920037056 -0.4350250146507872 -0.5255851182672713
-6.707817077636719 -0.8788707852363586 1.5298751592636108 -0.7409258008003236 -0.3649145714938641 0.0293462872505188
-5.615078926086426 -1.0971183776855469 3.932314157485962 -0.7767963707447052 -0.3546399399638176 0.468628354370594
-4.741530895233154 1.305706262588501 1.5298748016357422 0.03975328058004379 0.8667205423116684 -0.3408775241368289
-4.30422306060791 0.8686111569404602 1.0923088788986206 0.29735678236964225 0.3760635641769217 -0.7276023725668589
-4.959650993347168 -0.44177520275115967 5.024281978607178 -0.6398121217886606 -0.17286954882244268 0.7101043065388997
-3.2125539779663086 -0.8788700103759766 6.116805076599121 -0.4724288284778595 -0.4263612665235996 0.7428387254476547
-6.0523881912231445 0.8686111569404602 1.0923088788986206 -0.2956695109605789 0.526162043482195 -0.5149654634296894
-1.2462689876556396 1.3057069778442383 5.8983001708984375 0.4761837484935919 0.5210881407062212 0.12963281246841044
-4.0861029624938965 -0.8788707852363586 1.3113701343536377 0.46020999178290367 -0.29243061877787113 -0.7766982913017273
-4.0861029624938965 0.43181517720222473 1.0923088788986206 0.3990927890070566 0.03289303429118935 -0.8217184940973917
-4.741530895233154 -1.752760410308838 3.932314157485962 -0.16241311468183994 -0.9418033838272095 0.1666843481361866
-5.177771091461182 -1.5342133045196533 4.15026330947876 -0.5230626187154225 -0.6581050753593445 0.4140901512333325
-6.0523881912231445 1.087158441543579 2.840902805328369 -0.5968075633049011 0.7154822885990143 0.12235153466463089
-3.868518114089966 -1.752760410308838 3.496417284011841 0.06278722248971462 -0.9861832737922669 -0.06694980208428092
-2.9944350719451904 -1.3156650066375732 5.8983001708984375 -0.2717546969652176 -0.710279643535614 0.5916714251041413
-1.2462689876556396 -0.005278897006064653 6.7723188400268555 0.5167622342705727 -0.04029412195086479 0.562504996683515
-2.9944350719451904 1.3057069778442383 5.679794788360596 -0.2100385781377554 0.8016655296087265 0.4262971473990689
-1.4649239778518677 0.6500636339187622 4.150262832641602 0.7556844502687454 0.2512173857539892 -0.582794576883316
5.962716102600098 -0.8786574602127075 -3.0583808422088623 0.715371835231781 -0.45658814460039143 -0.427965122461319
6.39959716796875 0.43142959475517273 -2.621500015258789 0.8600206886019025 0.09262327224548374 -0.4106525885207312
6.6178669929504395 -0.8786572813987732 -1.7477378845214844 0.8288581728935243 -0.3787755995988846 -0.24747529104351998
6.83682107925415 -0.22331421077251434 -1.3108570575714111 0.9636217355728149 -0.11235902309417725 -0.1331996252358806
6.83682107925415 0.21288278698921204 -1.3108570575714111 0.9203238606452943 0.26072404980659486 -0.1217979346931827
6.83682107925415 0.21288317441940308 1.0923099517822266 0.4508812125523166 -0.04420145154426969 0.5736045801564522
4.871026992797852 -1.3157519102096558 1.0923101902008057 -0.1178839996986424 -0.45943104486077146 0.57688124726216
3.778995990753174 -0.005065822042524815 1.0923099517822266 -0.5388784096898548 0.0387099829307646 0.5469065989766801
3.342113971710205 -1.5342997312545776 -4.149620532989502 -0.5714284760855354 -0.421247090612139 -0.04515536689047954
3.342113971710205 0.6502767205238342 -1.7477381229400635 -0.9873496890068054 0.054624988697469234 0.08757324448647452
3.342113971710205 1.3056195974349976 -2.4027392864227295 -0.7548473825057347 0.4317904296848509 0.031170684540495267
3.342113971710205 -1.0972048044204712 -5.4615478515625 -0.34399608969688417 -0.2457417190074921 -0.37576920042197914
6.6178669929504395 -1.0972039699554443 0.21726517379283905 0.6668612708648045 -0.5911693349480629 0.09828095386425653
4.215877056121826 1.086773157119751 1.092309832572937 -0.23821608447049414 0.41625858431433943 0.6519363696376482
6.6178669929504395 0.868226170539856 1.092309832572937 0.5011953206000686 0.5006867900679121 0.29668769116202987
6.180984973907471 1.0867726802825928 -2.184619188308716 0.662098874648412 0.6488909473021824 -0.20107938225070635
5.089295864105225 1.5241681337356567 0.6541457772254944 0.11441601663827897 0.8523539066314698 0.31984226035528707
4.215877056121826 -0.22331489622592926 -5.4615478515625 0.2895898938179016 -0.09074001535773278 -0.7489763975143433
4.434145927429199 -1.5342997312545776 -4.149620532989502 0.3541667546544756 -0.7686169147491455 -0.35502588211171215
6.180984973907471 -1.3157522678375244 -1.7477377653121948 0.5005871236324311 -0.8059516429901123 -0.15843494459986687
3.997265100479126 1.305619239807129 -4.36902379989624 -0.28349972143769264 0.7898218631744385 -0.3601407930254936
3.342113971710205 0.4314292073249817 -5.023384094238281 -0.46443257927894593 0.41144704818725586 -0.548776033021619
4.6527581214904785 0.8682251572608948 -5.023384094238281 0.3677977004221507 0.48022967749940493 -0.5601397923060826
5.525835037231445 -1.5342991352081299 -0.43773576617240906 0.10924466122163169 -0.9757312451090131 0.0402258075814562
4.215877056121826 1.5241674184799194 -3.712740182876587 0.06520146131515503 0.9361253040177481 -0.13477741818730796
3.342113971710205 -0.6604092121124268 -1.5302598476409912 -0.9524374961853028 -0.1519609905779362 0.12026583469017282
6.180984973907471 1.3056198358535767 -0.4377362132072449 0.4088105410337448 0.8557985424995422 -0.014626304619014263
3.997265100479126 -0.6604087948799133 1.0923100709915161 -0.5896942764520604 -0.3910603005358553 0.41876065358519554
5.744104862213135 -1.3157519102096558 1.0923101902008057 0.2501995414495468 -0.6039085612346256 0.44616497680544853
3.342113971710205 -1.534299612045288 -3.4952616691589355 -0.5118393725498322 -0.649032360315323 0.10654011004571658
5.307223796844482 -0.6604096293449402 -4.14962100982666 0.7149848937988281 -0.259796535037458 -0.5781078636646271
4.6527581214904785 1.5241681337356567 0.6541457772254944 -0.20023707672953606 0.867252454161644 0.23099297008729636
3.341430902481079 1.3057053089141846 -4.587699890136719 0.5048559208710988 0.6171429951985676 -0.11963949088531933
3.341430902481079 -1.3158378601074219 -5.461334228515625 0.7709032267332078 -0.27034819535911087 -0.27269145513887455
3.341430902481079 1.0870721340179443 -5.023810863494873 0.6865574195981026 0.4045404801145196 -0.29116903617978096
3.341430902481079 0.4318576455116272 -2.1846189498901367 0.5403293321530024 0.20564390967289606 0.39867533028098023
3.341430902481079 -1.5341285467147827 -3.495774745941162 0.4055336100670198 -0.6328244855006535 0.18402772148450214
-0.15396000444889069 1.0870722532272339 -4.369880199432373 -0.7951222099363804 0.12228724796524659 0.3425230530799146
-0.15396000444889069 0.4318569004535675 -6.772018909454346 -0.42542707423369086 0.2283043348126941 -0.5586483453309974
-0.15396000444889069 -1.5341287851333618 -5.023810386657715 -0.7773599574963251 -0.37540626525878906 -0.011959093860379078
3.341430902481079 1.3057054281234741 -3.71406626701355 0.5182713016867638 0.5584695696830749 0.1237335746650416
0.7198879718780518 -1.5341285467147827 -3.932356834411621 -0.2430511511862278 -0.8029558897018433 0.4689238637685776
3.1224560737609863 -0.878913402557373 -2.4033796787261963 0.05161094218492508 -0.414621376991272 0.6819700717926026
0.7198879718780518 -0.8789135217666626 -3.2770137786865234 -0.5052174205581347 -0.24408748412859418 0.7328478197256724
1.3757870197296143 -1.534129023551941 -6.7720184326171875 0.12636784091591835 -0.8137623310089112 -0.4483486533164978
2.904165029525757 -1.7527618408203125 -4.8055195808410645 0.20160086494507967 -0.9221330285072327 -0.08428577423515833
0.28296399116516113 -1.752761960029602 -5.679624557495117 -0.34538539852472994 -0.8038823505242665 -0.23818184135458864
2.6858739852905273 1.3057055473327637 -3.2770142555236816 -0.01719452887773514 0.8317771077156068 0.4646549791097641
0.9385210275650024 1.7426282167434692 -5.023811340332031 -0.02119976431131363 0.9541121482849122 0.1122609116640092
1.3757870197296143 -1.3158382177352905 -6.990780830383301 0.31378552317619324 -0.25787395906053234 -0.8156415025393168
-0.15396000444889069 -1.3158377408981323 -4.369880199432373 -0.6115682482719422 -0.46955810785293584 0.37208845493496484
-0.15396000444889069 -0.44199106097221375 -6.553729057312012 -0.735725611448288 -0.31741372123360634 -0.4271490716213049
3.1224560737609863 0.43185701966285706 -6.116206169128418 0.47014092760426657 0.2309027107923092 -0.7139392005545752
1.1571539640426636 -0.4419911205768585 -6.990780830383301 0.08648435771465302 0.15910229311300556 -0.9531692147254944
3.1224560737609863 0.4318576455116272 -2.1846189498901367 -0.26542359590530396 0.3027040277208601 0.8010401470320565
-0.15396000444889069 0.8687809705734253 -6.334968090057373 -0.6683718003332615 0.38021887838840485 -0.22630901151510052
0.9385210275650024 -1.3158382177352905 -6.990780830383301 -0.255142405629158 -0.386999656128277 -0.7428709864616394
-0.15396000444889069 1.3057053089141846 -4.587699890136719 -0.45293680081764853 0.6647707919279734 0.25786595609663865
0.9385210275650024 1.7426280975341797 -5.679625511169434 -0.10144320627053578 0.8331458767255147 -0.32595297861605604
1.3757870197296143 1.523995041847229 -5.898386478424072 0.2042505443096161 0.7088791330655415 -0.6048171271880467
0.7198879718780518 -0.44199052453041077 -3.2770140171051025 -0.5597741405169169 0.1027771152112488 0.7845122019449869
0.28296399116516113 -1.7527618408203125 -5.023810386657715 -0.21742982631075236 -0.9300041794776917 0.16505274973211687
0.28296399116516113 0.4318569004535675 -6.772018909454346 0.1001417301595211 0.4442310519516468 -0.8713266551494598
2.6858739852905273 -0.44199103116989136 -6.334968090057373 0.5757839580376942 -0.161758365429705 -0.7801446517308552
-5.178197860717773 0.6500844359397888 -3.2769289016723633 -0.4198892627161172 0.5169185594468445 0.39714403905625206
-5.178197860717773 0.6500843167304993 -3.9327640533447266 -0.5328310668468476 0.7872216105461121 -0.19309131345992228
-5.396317958831787 0.43164336681365967 -3.9327640533447266 -0.813229610522588 0.2656510391583045 -0.27120960255463916
-5.615507125854492 -0.22303654253482819 -3.2769289016723633 -0.36657842183287387 0.08859748400739137 0.5659265279769897
-5.615507125854492 -0.4414765238761902 -3.2769289016723633 -0.6190078783841125 -0.3235313668847084 0.12268706659475961
-3.867341995239258 -1.7527614831924438 -3.276928663253784 0.028265783784848786 -0.4893061444649103 0.626455461140722
-0.15396000444889069 1.3054052591323853 -4.587913990020752 0.45955103752203286 0.5463751554489136 0.24784862454588658
-0.15396000444889069 -0.005237676203250885 -4.1510329246521 0.6385125756263733 0.07060214579105377 0.5406800338691379
-0.15396000444889069 0.21320289373397827 -6.771635055541992 0.5311121087935236 0.03489382233884599 -0.4273902371827901
-3.2119131088256836 0.8685244917869568 -3.2769291400909424 0.04097698160075883 0.27859346385170825 0.8739989144461495
-0.15396000444889069 -1.0967986583709717 -4.1510329246521 0.5936455428600311 -0.24863960742950442 0.47367567772822333
-4.522769927978516 0.43164312839508057 -5.242722988128662 -0.5500860884785652 0.2878195056691766 -0.6502274200320244
-2.557554006576538 1.0869650840759277 -5.8978729248046875 -0.27141763021548587 0.7011772741874058 -0.5615882227818171
-2.1202449798583984 0.21320292353630066 -6.553366184234619 -0.30309896916151047 0.18520155847072603 -0.8985340237617493
-3.649221897125244 -0.8783579468727112 -5.6796040534973145 -0.5071646213531494 -0.38512457981705667 -0.7108114361763
-2.3394339084625244 -1.3152389526367188 -6.116485118865967 -0.19421845208853483 -0.692572757601738 -0.6014064947764078
-4.741425037384033 -1.5336796045303345 -3.9327638149261475 -0.5284024238586426 -0.6625476300716401 -0.2949926555156708
-2.1202449798583984 -0.8783575296401978 -3.276928663253784 0.21401887439420195 -0.10004031475358773 0.922378695011139
-4.304649829864502 1.0869654417037964 -3.4958832263946533 -0.15812419882665077 0.8605679968992869 0.22810297962820414
-1.0280430316925049 1.5241671800613403 -5.24272346496582 -0.01483968310058117 0.9482697606086732 -0.10827319473028184
-4.741425037384033 -0.6599177718162537 -4.806526184082031 -0.7456706643104554 -0.2707209445536137 -0.5535992383956909
-2.3394339084625244 0.43164345622062683 -3.2769289016723633 0.26345756895690187 0.22179819881730367 0.8978898972272873
-0.15396000444889069 -1.3152387142181396 -4.369645118713379 0.6269030546148617 -0.4975577543179194 0.09460496922877862
-0.8093879818916321 -1.5336799621582031 -5.897872447967529 0.15146519212673107 -0.861391286055247 -0.27773690658311045
-0.3726139962673187 -1.3152389526367188 -5.8978729248046875 0.5667734543482462 -0.678873191277186 -0.26311765362819034
-0.15396000444889069 0.6500838994979858 -6.553366184234619 0.3835875540971756 0.48899956792593 -0.4672350235381537
-2.1202449798583984 -0.6599180698394775 -6.553366184234619 -0.2482300040622552 -0.20713764739533264 -0.8934189577897389
-0.15396000444889069 -0.6599180698394775 -6.553366184234619 0.37991205571840203 -0.4255632907152176 -0.553008958697319
-3.649221897125244 1.0869652032852173 -5.024453163146973 -0.3278839409351349 0.874994695186615 -0.2723429247736931
-4.304649829864502 -1.7527616024017334 -3.7141518592834473 -0.28043413758277896 -0.8486356019973755 0.05350689515471459
-0.8093879818916321 1.3054050207138062 -5.8978729248046875 0.1375992774963379 0.8232754111289978 -0.42871937751770023
-1.6834709644317627 0.6500838994979858 -6.553366184234619 -0.12270354926586152 0.48734953701496125 -0.8086288809776306
-6.270102024078369 -1.3156658411026 1.0923092365264893 -0.141930390650208 -0.48888109197441737 0.5719448566087522
-4.9593729972839355 -1.534213900566101 0.6552152633666992 0.10448292456567287 -0.9015770852565765 0.2809473741799593
-4.305228233337402 -1.097118854522705 1.0923091173171997 0.34892643565518144 -0.6278437137603761 0.4633687108755112
-2.775502920150757 -0.00528053380548954 -3.276927947998047 0.39686708052943825 0.2229590529100948 -0.5737051155167835
-2.775502920150757 -1.0971194505691528 -3.2769277095794678 0.6286405950563285 -0.21436334708998572 -0.24999987375281307
-3.868046998977661 -1.7527614831924438 -3.2769277095794678 0.03129855230669942 -0.5493864573059248 -0.4612391795963049
-6.052323818206787 -1.5342140197753906 0.2181202471256256 -0.3485441473977906 -0.8808979732649667 -0.003156736262358858
-5.396553993225098 -1.3156664371490479 -2.8398327827453613 -0.5035529851913453 -0.7793113708496094 -0.2908993631601334
-5.615143775939941 -0.22352853417396545 -3.276927947998047 -0.2129466458346828 0.05370102121826506 -0.9203155875205994
-6.707687854766846 -0.8788708448410034 1.0923091173171997 -0.4388872574682168 -0.21924225322475976 0.5263146592460544
-4.086637020111084 -0.8788708448410034 1.0923091173171997 0.42831090237185754 -0.12438392971384123 0.6528101315100987
-4.086637020111084 0.43181517720222473 1.0923088788986206 0.4529833242740722 0.2550579948467586 0.6109656120340029
-6.926279067993164 0.43181514739990234 0.8737619519233704 -0.6952801674604416 0.2759226456284523 0.30468382537364963
-6.489099025726318 1.087157964706421 -1.7712052624574426E-07 -0.5644457399845123 0.7636906862258912 0.09484964981675148
-6.707687854766846 0.6500627398490906 -1.3104290962219238 -0.83924201130867 0.35824277562399703 -0.18011200179656345
-2.775502920150757 -0.005280427169054747 -2.6208579540252686 0.948307991027832 0.115849652886394 0.15589021639714434
-5.615143775939941 1.0871580839157104 1.0923088788986206 -0.1420399153782436 0.5410263985395432 0.6163091386357943
-4.74240779876709 1.0871580839157104 0.8737618327140808 0.3239712379872799 0.8128311584393183 0.2779224067926407
-6.489099025726318 -0.4417763948440552 -2.402311086654663 -0.8122071723143259 -0.2541773157548353 -0.32305976500113803
-6.052323818206787 0.6500625014305115 -2.8398330211639404 -0.6044381047998155 0.33768811559625483 -0.5926238298416138
-3.6494569778442383 1.0871574878692627 -2.8398332595825195 0.34604106843471527 0.7273761630058289 -0.26000156393274665
-5.177962779998779 1.3057055473327637 -2.8398332595825195 -0.13479326909130693 0.7515879452228547 -0.40003268767504213
-4.9593729972839355 1.3057059049606323 -0.43709519505500793 0.10847167277985932 0.9822763204574585 0.048228273272269466
-2.775502920150757 -1.0971194505691528 -2.8398327827453613 0.6982760727405548 -0.5468448338409264 0.13191576798756915
-4.9593729972839355 0.6500624418258667 -3.276927947998047 -0.09405506849288942 0.34904609826048444 -0.8838556528091431
-6.489099025726318 -1.0971190929412842 -0.6556417942047119 -0.7512287855148316 -0.5825674295425415 -0.12342684829200153
-2.9940929412841797 0.43181461095809937 -2.402311086654663 0.7666752934455872 0.5781429708003998 0.10693819849949478
-5.833734035491943 1.3057057857513428 -1.7470961809158325 -0.3854187200909346 0.8490824202696482 -0.1372751855045114
-6.926279067993164 -0.22352789342403412 0.6552150845527649 -0.960801899433136 -0.15898455157876015 -0.02083362936973572
-3.868046998977661 -1.7527614831924438 -2.6208577156066895 0.27394620031118394 -0.9083983302116394 0.09451954811811447
-5.615143775939941 -0.8788715600967407 -3.2769277095794678 -0.49056356016430985 -0.2820091522700864 -0.6607065975666047
-6.052323818206787 1.3057060241699219 -2.1272651906656392E-07 -0.15232790261507034 0.9407697558403015 0.12282242200855081
